1 1
1 2
1 3
1 4
2 5
3 6
4 2
4 7
4 8
4 9
5 10
6 10
6 11
7 1
7 2
7 6
7 12
8 13
8 14
8 15
8 16
9 17
10 9
11 18
12 19
12 20
13 4
13 15
13 21
14 1
14 2
14 18
15 9
15 18
15 22
16 13
16 18
17 1
17 2
18 23
19 10
20 4
20 17
21 24
22 1
22 2
22 9
22 25
23 10
24 1
24 2
24 3
24 26
25 18
26 9
26 13
27 27
27 28
28 23
29 29
30 4
31 12
32 1
32 2
32 13
32 30
32 31
33 9
33 22
34 8
34 32
35 19
35 20
36 17
36 22
37 18
38 33
39 13
40 9
40 34
41 35
41 36
42 1
42 2
42 17
43 12
44 1
44 2
44 3
44 8
44 37
45 1
45 2
45 3
45 26
46 2
46 38
46 39
46 40
47 15
47 17
47 41
48 12
49 22
49 42
50 1
50 2
50 43
51 10
52 13
53 17
54 13
55 17
55 18
56 12
57 9
58 15
58 17
58 44
59 17
60 45
60 46
61 1
61 2
61 3
61 18
61 43
62 8
63 6
64 1
64 2
64 29
64 47
65 4
65 10
65 17
66 1
66 2
66 25
66 45
66 46
67 13
67 17
67 48
68 22
69 17
70 9
71 12
71 13
71 18
72 19
72 20
72 49
73 13
73 14
73 18
74 17
75 29
75 47
76 20
76 49
77 1
77 2
77 13
78 38
78 50
79 17
80 13
81 14
81 42
81 51
82 1
82 2
82 9
82 25
83 19
83 20
84 52
84 53
85 19
86 1
86 2
86 6
86 17
87 13
88 38
88 50
89 1
89 2
89 12
89 54
90 23
90 55
91 9
91 17
92 45
92 46
93 19
93 20
94 10
94 56
94 57
95 8
95 18
96 6
96 18
97 1
97 2
97 13
97 18
97 31
98 1
98 2
98 17
98 25
99 12
100 1
100 2
100 11
100 18
101 45
101 46
102 18
103 1
103 2
103 17
103 25
104 29
105 5
106 1
106 2
106 3
106 15
106 17
106 44
107 1
107 2
107 17
107 18
108 45
108 46
109 15
109 58
109 59
109 60
110 28
110 61
110 62
111 1
111 2
111 17
111 43
112 15
112 63
112 64
113 8
114 13
115 60
116 20
116 65
116 66
117 5
118 45
118 46
119 6
119 15
119 67
120 5
121 13
121 17
121 61
122 45
122 46
123 4
123 10
123 11
124 4
125 1
125 2
125 13
125 17
126 17
127 9
128 12
129 17
130 17
131 1
131 2
131 17
131 30
131 68
131 69
132 15
132 21
133 9
133 46
133 70
134 45
134 46
135 20
135 45
135 46
136 10
137 45
137 46
138 12
139 9
139 29
139 47
140 1
140 2
140 43
140 45
140 46
141 12
142 4
142 15
142 21
143 12
144 9
145 12
145 38
146 32
147 1
147 2
147 17
148 18
149 1
149 2
149 6
149 25
149 46
149 71
150 1
150 2
150 3
150 17
151 10
151 11
152 12
153 17
154 18
155 9
156 8
156 9
157 17
158 1
158 2
158 17
159 5
160 1
160 2
160 9
161 5
162 4
162 15
162 24
162 72
163 4
163 24
164 17
164 18
165 10
165 11
166 73
167 54
168 9
169 18
170 47
171 1
171 2
171 12
172 12
172 54
173 1
173 2
173 15
173 17
173 31
173 44
174 5
175 17
176 19
176 20
177 22
178 8
178 9
179 10
179 11
180 49
181 6
182 1
182 2
182 17
182 25
183 12
183 54
184 36
185 12
186 4
186 6
186 15
186 18
186 57
186 64
186 74
186 75
187 15
187 21
187 60
188 12
189 13
189 14
190 48
191 60
192 76
192 77
193 10
194 1
194 2
194 25
194 45
194 46
195 4
195 10
195 11
196 10
197 47
198 33
199 1
199 2
199 17
199 25
200 42
200 78
201 79
202 12
203 6
204 17
205 6
206 1
206 2
206 18
206 51
207 12
208 45
208 46
209 8
209 77
209 79
210 26
211 9
211 22
212 80
213 27
213 29
213 47
214 6
214 13
215 47
216 12
217 45
217 46
218 5
218 55
219 12
220 10
221 4
221 10
221 15
221 44
222 1
222 2
222 17
222 25
223 18
224 47
225 17
225 81
226 15
226 29
226 82
227 33
228 54
229 48
230 24
230 28
231 46
232 10
232 11
233 55
233 83
234 84
235 5
235 8
235 85
236 6
237 4
237 6
237 13
238 14
238 18
239 54
240 6
241 4
241 15
241 21
242 10
242 11
243 18
244 12
245 13
246 4
247 5
248 22
249 13
250 10
250 15
250 17
250 44
251 2
251 10
251 68
251 69
252 8
252 45
252 46
253 10
254 22
254 79
255 12
256 17
256 47
257 14
258 12
259 14
260 9
261 4
261 17
262 10
263 12
264 12
265 5
266 9
267 22
268 12
269 13
270 86
271 9
271 18
271 22
272 4
272 14
272 24
273 38
273 55
274 12
275 4
275 24
276 18
277 14
278 10
278 15
278 17
278 44
279 15
279 17
279 18
279 59
280 5
280 38
280 61
281 18
282 1
282 2
282 3
282 37
283 87
284 1
284 2
284 18
284 22
284 31
285 47
285 88
286 6
287 24
288 10
289 10
289 45
289 46
290 22
291 23
292 10
293 6
294 8
294 17
294 79
295 19
295 20
296 23
297 10
297 11
298 1
298 31
298 46
298 89
299 9
300 10
301 38
302 80
303 10
303 14
304 17
304 18
305 1
305 2
305 17
305 31
306 32
307 10
308 80
309 4
309 6
309 18
310 9
310 22
311 1
311 2
311 17
311 43
311 68
311 69
312 18
313 1
313 18
313 31
313 46
313 89
314 54
315 1
315 2
315 17
315 31
315 68
315 69
316 5
316 38
317 12
317 15
317 63
317 64
317 67
318 15
318 27
318 41
319 10
319 27
319 61
320 9
320 13
320 22
321 49
322 10
322 18
322 83
323 4
323 15
323 22
323 46
323 59
323 90
324 1
324 2
324 3
324 15
324 17
324 44
325 6
326 4
326 15
326 41
326 59
327 12
328 17
329 12
330 5
330 73
331 18
332 1
332 2
332 3
332 37
332 68
332 69
333 10
334 29
335 4
336 19
336 20
337 2
337 37
337 68
337 69
338 12
338 17
339 18
340 1
340 2
340 3
340 26
341 23
342 4
342 15
342 41
343 19
343 20
344 4
345 48
345 91
346 46
346 57
346 80
346 92
347 17
348 6
349 23
350 4
350 15
350 24
350 72
351 10
352 8
352 29
352 47
353 12
354 4
354 6
354 17
355 17
356 4
357 46
358 19
358 20
358 42
359 22
360 23
360 28
361 6
361 18
362 6
363 1
363 2
363 25
363 45
363 46
364 10
364 11
365 17
366 8
366 18
367 12
368 12
369 13
370 24
371 33
372 1
372 2
372 17
372 20
372 43
373 36
374 15
374 16
374 27
375 10
376 4
377 4
377 6
377 56
377 57
378 15
378 16
378 58
379 23
380 15
380 21
380 35
381 10
381 11
382 24
383 13
383 14
384 10
385 18
386 4
386 10
387 19
387 20
387 49
388 15
388 17
388 18
388 59
389 46
390 10
391 6
391 18
392 17
393 77
394 15
394 45
394 46
395 6
395 18
396 19
396 49
397 4
398 10
398 11
399 29
399 47
400 1
400 2
400 10
400 25
401 6
401 15
401 27
401 41
402 12
403 1
403 2
403 9
404 12
404 56
404 57
405 45
405 46
406 45
406 46
407 1
407 2
407 17
407 25
408 10
408 11
409 17
410 12
411 15
411 21
411 27
411 41
412 15
412 16
413 12
414 17
415 17
416 1
416 2
416 17
417 17
417 20
417 28
418 4
418 15
418 21
419 18
420 12
421 4
421 15
421 21
422 4
422 6
422 17
423 46
424 23
425 4
426 4
427 1
427 2
427 12
427 33
428 54
429 47
430 4
430 18
431 19
431 20
432 77
433 18
434 14
434 49
435 14
435 18
436 15
436 35
436 41
436 93
437 12
438 13
438 14
439 45
439 46
440 15
440 20
440 63
440 64
441 5
441 55
442 1
442 2
442 17
442 18
442 77
443 46
444 45
444 46
445 1
445 18
445 31
445 46
445 89
446 22
447 45
447 46
448 5
448 73
449 13
450 17
451 10
452 12
453 38
453 50
454 12
455 19
456 13
456 48
457 12
458 9
458 18
458 22
459 17
459 20
459 28
460 15
460 24
460 94
461 24
462 12
463 5
464 13
464 18
465 5
465 14
466 15
466 21
466 24
466 59
467 45
467 46
468 13
469 12
469 54
469 80
470 13
471 17
472 42
473 6
474 6
475 10
476 15
476 21
476 39
477 45
477 46
477 56
477 57
478 18
479 12
480 5
480 29
481 18
481 80
482 4
482 10
483 5
484 13
484 15
484 16
484 80
485 13
485 14
486 9
486 18
487 4
488 9
489 5
489 55
490 12
491 14
492 10
493 10
493 45
493 46
494 12
495 12
496 46
497 33
498 13
499 37
500 15
500 24
500 94
501 2
501 35
501 68
501 69
502 18
503 14
503 54
504 13
505 12
505 57
505 95
506 10
507 22
508 12
508 13
509 10
509 11
510 1
510 2
510 10
510 31
511 14
512 15
512 39
512 96
513 10
513 11
514 45
514 46
515 46
516 13
516 14
516 48
517 4
517 24
518 22
519 13
520 18
520 22
521 5
521 47
522 22
523 1
523 2
524 10
524 45
524 46
525 22
526 18
527 14
527 54
528 46
529 17
530 12
531 23
532 13
532 51
532 97
533 55
534 29
535 4
535 18
536 14
537 5
538 98
539 12
540 2
541 12
542 1
542 2
542 13
542 30
542 31
543 13
544 4
544 15
544 21
545 4
545 24
546 55
547 13
547 14
548 10
549 18
549 22
550 12
551 10
551 11
552 19
553 13
553 14
554 46
555 13
555 15
555 16
556 4
557 14
558 18
559 4
559 13
559 48
560 22
561 32
562 14
562 38
563 48
564 98
565 12
566 19
566 20
567 13
568 12
569 10
570 46
571 17
572 9
573 1
573 2
573 10
573 31
573 45
573 46
574 12
574 15
575 18
575 19
575 20
576 10
576 55
577 4
577 14
578 15
578 27
578 28
578 96
579 80
580 18
581 18
582 80
583 46
584 12
585 11
585 24
586 15
586 21
586 99
587 10
588 1
588 2
588 18
588 31
588 51
589 5
590 5
590 38
590 61
591 80
592 23
593 12
594 10
594 45
594 46
595 10
596 10
597 29
597 47
598 17
599 1
599 2
599 6
599 17
600 81
601 4
601 24
601 45
601 46
602 17
603 48
604 13
604 15
604 16
605 8
605 9
605 18
606 29
606 47
607 12
608 14
609 13
610 12
611 45
611 46
612 17
613 45
613 46
614 12
615 10
616 12
617 29
618 12
618 19
619 17
620 8
620 45
620 46
621 1
621 2
621 38
622 18
623 4
624 24
625 18
625 28
626 45
626 46
627 8
627 9
628 6
629 1
629 2
629 9
629 18
629 31
630 15
630 17
630 18
630 59
631 12
632 1
632 2
632 9
633 10
633 11
634 6
634 18
635 9
636 6
636 15
636 35
636 41
637 6
637 15
637 21
638 24
639 10
640 1
640 2
640 18
640 31
641 12
642 13
643 12
644 12
645 5
646 12
647 80
648 10
648 24
649 29
650 10
650 97
651 9
651 47
652 22
653 80
654 57
654 65
654 100
655 28
655 55
655 101
656 1
656 2
656 12
656 30
657 12
657 14
658 5
659 10
659 11
660 12
661 38
662 18
662 47
663 80
664 13
664 18
664 48
665 10
665 11
666 13
666 14
667 12
668 22
668 56
668 57
669 8
669 45
669 46
670 4
670 24
671 10
671 45
671 46
672 1
672 2
672 17
672 25
673 12
674 12
675 6
676 12
677 13
678 13
678 17
678 48
679 12
680 17
681 45
681 46
682 29
682 47
683 10
684 13
684 79
685 22
686 18
686 22
687 13
687 48
688 29
688 47
689 55
689 62
689 102
690 1
690 2
690 10
690 25
691 10
691 11
692 6
692 17
693 45
693 46
694 10
695 5
696 4
696 24
697 24
698 1
698 2
698 3
698 103
699 19
699 20
699 28
699 49
700 13
700 80
701 12
702 48
703 10
704 12
705 17
706 1
706 2
706 17
707 1
707 2
707 9
708 17
709 12
710 1
710 2
710 17
710 43
711 10
711 15
711 17
711 44
712 29
712 38
712 47
713 17
714 104
715 29
716 17
716 105
717 13
717 18
717 48
718 45
718 46
718 60
719 15
719 18
719 68
719 106
719 107
719 108
720 12
721 60
722 73
723 6
723 42
723 78
724 12
725 1
725 2
725 13
725 48
726 14
726 54
727 45
727 46
728 13
728 14
729 5
730 8
731 12
732 12
733 5
734 9
735 9
735 18
736 10
737 10
737 11
737 61
738 52
738 68
738 109
738 110
739 62
740 1
740 2
740 10
740 18
741 73
742 2
742 12
742 54
743 80
744 23
745 12
746 12
747 6
747 15
747 55
748 45
748 46
749 12
749 54
750 4
751 9
751 29
751 47
752 45
752 46
753 5
753 55
754 12
755 29
755 47
756 15
756 17
756 18
756 59
757 10
757 45
757 46
758 22
759 1
759 2
759 9
759 25
760 13
761 17
762 18
763 6
763 18
764 4
765 22
766 4
766 24
767 12
768 9
769 12
770 8
770 9
771 12
772 46
773 12
774 55
774 62
774 102
775 5
776 47
777 10
777 45
777 46
778 55
778 62
778 102
779 6
780 15
780 55
780 111
781 5
781 38
782 19
782 20
783 4
783 13
783 18
784 17
784 68
784 107
785 4
785 15
785 96
786 12
787 17
787 81
788 17
788 60
789 1
789 2
789 3
789 18
790 18
791 112
792 14
792 29
792 47
793 2
793 47
794 55
795 18
796 6
796 18
796 80
797 4
797 24
798 18
799 12
800 17
800 20
800 28
801 10
801 68
801 113
802 18
802 68
802 113
803 1
803 2
803 3
803 37
804 4
804 24
805 13
806 15
806 17
806 44
807 29
808 46
809 47
810 12
810 54
811 13
812 18
812 47
813 47
814 18
815 23
815 29
816 6
817 49
818 23
819 54
820 17
820 20
820 28
821 4
821 15
821 24
821 72
822 17
822 18
823 11
823 18
824 73
825 62
826 23
827 4
827 14
828 10
829 1
829 18
829 31
829 46
829 89
830 45
830 46
831 23
832 45
832 46
833 62
834 4
834 15
834 21
834 45
834 46
835 1
835 18
835 31
835 46
835 89
836 15
836 17
836 44
837 29
837 47
838 17
839 1
839 2
839 45
839 46
840 6
840 15
840 24
840 94
841 23
842 13
842 14
843 4
843 24
844 13
845 54
846 1
846 2
846 18
847 12
848 12
849 5
849 47
850 12
850 35
851 12
852 14
853 1
853 2
853 3
853 18
853 31
854 13
855 1
855 2
855 18
855 31
855 51
856 12
857 18
858 12
859 12
860 33
861 5
862 10
863 4
863 17
863 101
864 15
864 21
864 24
864 94
865 18
866 6
867 6
867 18
868 12
869 54
870 14
870 51
871 12
872 12
873 55
874 12
875 6
875 13
875 18
876 46
877 22
878 4
878 13
878 15
878 16
879 17
879 20
879 28
880 17
881 12
882 10
883 80
884 17
885 1
885 2
885 17
886 13
886 18
887 17
888 22
889 6
889 18
889 35
890 4
891 5
891 38
891 55
892 60
893 12
893 18
894 15
894 18
894 106
894 108
895 8
895 98
896 5
897 103
898 55
898 83
899 15
899 64
899 114
900 1
900 2
901 33
902 18
903 17
903 28
904 12
905 19
905 20
906 10
907 4
907 6
907 15
907 41
908 13
908 15
908 17
908 44
909 10
909 11
910 15
910 29
910 63
910 64
911 33
911 36
912 8
912 17
912 45
912 46
913 79
914 47
915 12
916 5
916 15
916 41
917 29
917 47
918 73
919 73
920 4
921 5
922 5
922 8
922 85
923 73
924 5
924 15
924 93
925 88
926 47
927 5
928 11
928 29
928 38
929 73
930 13
931 88
932 17
932 47
933 15
933 79
934 5
934 55
935 23
936 1
936 2
936 43
936 77
937 4
937 6
938 10
939 5
940 12
941 45
941 46
942 45
942 46
943 86
943 99
944 15
944 24
944 94
945 10
946 10
947 60
948 1
948 2
948 18
948 43
949 6
950 1
950 2
950 25
950 45
950 46
951 4
952 1
952 18
952 31
952 46
952 89
953 14
954 12
955 1
955 2
955 17
955 43
956 6
956 13
956 18
957 12
958 8
958 17
959 12
960 1
960 2
960 25
960 46
960 115
961 18
962 1
962 2
962 25
962 33
963 1
963 2
963 17
963 43
964 4
964 15
964 21
965 1
965 2
965 18
966 1
966 2
966 3
966 26
967 6
967 15
967 41
968 1
968 2
968 3
968 18
969 4
969 15
969 41
970 1
970 12
970 31
970 46
970 89
971 46
972 6
972 13
972 18
973 12
974 4
974 14
974 24
975 38
976 1
976 2
976 3
976 37
977 12
978 12
979 10
980 29
981 23
982 73
983 10
984 10
985 12
986 4
986 10
986 11
987 19
987 20
988 6
989 6
990 13
991 10
991 15
991 17
991 44
992 18
993 38
994 10
995 12
996 4
997 12
998 73
999 1
999 17
999 31
999 46
999 89
1000 29
1000 47
1001 10
1002 39
1002 55
1003 5
1003 85
1004 14
1005 18
1006 73
1007 4
1008 23
1009 23
1009 73
1010 15
1010 18
1010 37
1010 106
1010 108
1011 73
1012 34
1012 116
1013 1
1013 2
1013 3
1013 37
1014 12
1015 17
1015 20
1015 28
1016 1
1016 2
1016 25
1016 81
1017 55
1018 73
1019 5
1019 23
1019 38
1019 73
1020 47
1021 13
1021 17
1021 48
1022 38
1023 1
1023 2
1023 12
1024 5
1025 45
1025 46
1026 73
1027 1
1027 17
1027 31
1027 46
1027 89
1028 5
1028 12
1028 38
1029 1
1029 2
1029 43
1029 60
1030 10
1031 29
1031 47
1032 18
1033 17
1034 17
1035 12
1036 5
1037 13
1038 23
1039 23
1040 10
1041 38
1041 47
1042 117
1043 1
1043 18
1043 31
1043 46
1043 89
1044 29
1044 47
1045 29
1045 101
1046 5
1047 4
1047 15
1047 41
1048 47
1048 88
1049 5
1050 18
1051 9
1051 29
1051 47
1052 1
1052 2
1052 9
1053 29
1053 47
1054 118
1055 1
1055 2
1055 18
1056 73
1057 38
1058 15
1058 41
1058 73
1059 18
1060 29
1060 47
1061 15
1061 21
1061 24
1061 94
1062 1
1062 2
1062 18
1062 31
1063 12
1064 4
1065 18
1065 28
1066 29
1066 47
1066 61
1067 12
1068 2
1068 38
1068 40
1068 47
1069 88
1070 5
1070 8
1071 17
1072 5
1072 18
1073 45
1073 46
1074 23
1075 8
1076 17
1077 12
1078 17
1079 1
1079 2
1079 25
1079 60
1080 13
1081 18
1081 48
1082 1
1082 2
1082 15
1082 41
1082 46
1082 71
1083 49
1084 17
1084 91
1085 4
1085 10
1085 15
1085 41
1086 13
1087 19
1087 20
1087 42
1088 4
1089 10
1089 18
1090 29
1091 1
1091 2
1091 17
1091 43
1091 119
1092 45
1092 46
1093 12
1094 15
1094 24
1094 64
1094 120
1095 48
1096 32
1097 12
1098 1
1098 2
1098 38
1098 43
1099 1
1099 2
1099 17
1099 68
1099 69
1100 4
1100 19
1100 20
1101 77
1102 88
1103 10
1104 5
1105 45
1105 46
1106 23
1107 22
1108 12
1109 1
1109 2
1109 43
1109 77
1110 14
1111 23
1112 39
1112 91
1113 1
1113 2
1113 3
1113 37
1114 33
1115 14
1115 29
1116 5
1116 121
1116 122
1116 123
1117 12
1118 13
1118 14
1118 18
1119 18
1119 54
1120 36
1121 29
1121 47
1122 54
1123 4
1124 4
1124 45
1124 46
1125 12
1126 4
1126 10
1126 45
1126 46
1127 23
1128 20
1128 49
1128 124
1129 5
1129 55
1130 1
1130 2
1130 13
1131 1
1131 2
1131 17
1132 10
1133 6
1133 24
1134 97
1135 4
1135 97
1136 19
1136 20
1137 38
1137 50
1138 1
1138 2
1138 3
1138 37
1138 68
1138 69
1139 1
1139 2
1139 17
1139 43
1140 73
1141 10
1141 11
1141 61
1142 5
1142 73
1143 62
1143 102
1144 23
1145 23
1146 23
1147 73
1148 12
1149 38
1150 1
1150 2
1150 13
1150 18
1150 31
1151 5
1152 49
1153 12
1154 14
1154 42
1155 4
1156 1
1156 2
1156 17
1156 25
1157 4
1157 24
1158 98
1159 17
1160 1
1160 2
1160 18
1160 31
1160 51
1161 9
1162 17
1163 12
1164 18
1165 12
1166 12
1167 18
1168 13
1169 14
1170 6
1171 29
1171 47
1172 5
1173 4
1173 6
1173 15
1173 21
1174 4
1175 18
1175 27
1175 61
1176 6
1177 12
1178 13
1178 14
1179 4
1179 6
1180 8
1180 47
1181 1
1181 2
1181 17
1182 6
1182 17
1182 34
1183 4
1184 29
1184 47
1185 2
1185 15
1185 41
1185 45
1185 46
1185 68
1185 69
1186 4
1186 27
1186 61
1187 10
1187 61
1188 19
1188 20
1189 19
1189 20
1190 12
1191 17
1191 20
1191 28
1192 19
1192 20
1193 5
1194 15
1194 17
1194 44
1195 10
1195 45
1195 46
1196 6
1196 18
1197 17
1198 6
1198 15
1198 93
1199 38
1199 80
1200 5
1201 4
1202 4
1203 18
1204 1
1204 2
1204 17
1204 43
1205 17
1205 81
1206 1
1206 2
1206 3
1207 15
1207 17
1207 18
1207 59
1208 12
1209 17
1210 1
1210 18
1210 31
1210 46
1210 89
1211 29
1212 1
1212 2
1212 43
1212 73
1213 17
1213 18
1213 51
1214 29
1214 47
1215 5
1215 38
1215 61
1216 15
1216 35
1216 41
1216 58
1217 13
1218 13
1218 14
1219 13
1219 14
1219 18
1220 84
1221 18
1221 22
1222 9
1222 52
1222 125
1223 5
1224 4
1225 79
1225 88
1226 13
1227 4
1227 15
1227 24
1227 72
1228 58
1228 60
1228 91
1229 8
1230 8
1230 98
1231 24
1232 48
1233 12
1234 18
1235 6
1235 18
1236 1
1236 2
1236 3
1236 17
1236 81
1237 5
1238 15
1238 45
1238 46
1238 59
1239 32
1240 45
1240 46
1241 10
1241 27
1241 61
1242 29
1243 73
1244 38
1245 1
1245 2
1245 31
1245 40
1245 51
1246 23
1247 5
1248 99
1249 12
1250 38
1251 73
1252 17
1252 56
1252 57
1252 68
1252 107
1253 4
1254 33
1255 23
1256 10
1257 4
1258 12
1259 15
1259 18
1259 21
1260 45
1260 46
1261 55
1262 80
1263 5
1264 17
1264 55
1265 1
1265 2
1265 6
1265 17
1266 12
1267 10
1267 11
1268 8
1269 55
1269 62
1270 1
1270 2
1270 18
1270 31
1271 5
1271 55
1272 19
1273 17
1273 32
1274 10
1274 45
1274 46
1275 4
1276 73
1277 1
1277 2
1277 3
1277 37
1278 12
1279 12
1280 46
1281 4
1282 46
1283 4
1284 46
1285 10
1286 28
1286 62
1287 15
1287 29
1287 63
1287 64
1287 67
1288 4
1289 5
1290 12
1291 54
1292 29
1293 18
1294 1
1294 2
1294 13
1294 31
1294 46
1294 90
1295 10
1296 1
1296 2
1296 18
1297 12
1298 46
1299 79
1300 5
1301 18
1302 45
1302 46
1303 5
1304 4
1305 6
1306 4
1306 24
1307 18
1307 68
1307 113
1308 46
1309 12
1310 12
1311 19
1312 29
1312 47
1313 12
1314 45
1314 46
1315 14
1316 45
1316 46
1317 15
1317 18
1317 44
1318 4
1318 10
1319 5
1319 38
1320 10
1321 10
1322 10
1323 18
1324 54
1325 4
1325 15
1325 21
1326 1
1326 2
1326 30
1326 43
1327 12
1328 15
1328 67
1328 106
1328 108
1328 122
1328 126
1328 127
1329 10
1329 11
1330 29
1331 38
1331 50
1332 6
1332 80
1333 15
1333 17
1333 44
1334 12
1335 4
1335 48
1336 10
1337 22
1338 8
1339 12
1340 15
1340 24
1340 56
1340 57
1340 94
1341 18
1342 13
1343 18
1344 18
1344 56
1344 57
1344 128
1345 8
1346 45
1346 46
1347 51
1348 45
1348 46
1349 1
1349 2
1349 12
1350 18
1351 77
1351 79
1352 12
1353 6
1353 18
1354 5
1354 38
1355 6
1355 18
1356 54
1357 5
1358 13
1359 12
1360 4
1360 97
1361 33
1361 77
1362 4
1362 6
1362 14
1363 12
1364 77
1365 55
1365 62
1366 13
1367 49
1368 5
1369 15
1369 55
1369 62
1369 67
1370 12
1370 14
1371 5
1371 55
1372 39
1373 23
1374 5
1375 12
1376 12
1377 62
1378 13
1379 1
1379 2
1379 3
1379 18
1380 45
1380 46
1381 1
1381 2
1381 36
1382 4
1383 19
1383 20
1384 12
1385 55
1386 12
1387 8
1387 18
1388 13
1389 46
1390 10
1391 18
1392 17
1393 46
1394 4
1395 19
1395 20
1396 1
1396 2
1396 18
1396 31
1396 129
1397 12
1398 77
1399 10
1399 15
1399 21
1400 54
1401 45
1401 46
1402 17
1402 45
1402 46
1403 24
1404 12
1405 6
1405 12
1405 22
1406 18
1407 10
1408 18
1409 12
1410 22
1411 12
1412 1
1412 2
1412 9
1412 25
1413 5
1414 10
1414 15
1414 17
1414 59
1415 98
1416 45
1416 46
1417 17
1417 46
1417 57
1417 65
1417 130
1417 131
1417 132
1418 9
1418 47
1419 29
1419 47
1420 5
1421 5
1421 8
1422 4
1422 15
1422 21
1423 6
1424 12
1425 55
1425 62
1425 102
1426 5
1427 18
1427 24
1427 35
1428 9
1428 17
1429 12
1430 6
1430 18
1431 62
1431 102
1432 58
1432 60
1432 84
1433 6
1433 15
1433 41
1434 6
1434 15
1434 16
1434 41
1435 12
1436 12
1437 13
1437 48
1438 8
1438 12
1439 78
1440 23
1441 45
1441 46
1442 29
1442 47
1443 45
1443 46
1444 19
1444 20
1445 9
1445 22
1446 45
1446 46
1447 5
1448 22
1449 62
1449 102
1450 1
1450 2
1450 17
1450 20
1450 43
1451 12
1452 10
1452 15
1452 133
1453 12
1454 54
1455 12
1456 9
1456 29
1456 47
1457 9
1458 12
1459 15
1459 41
1459 58
1460 27
1460 112
1461 10
1462 18
1463 17
1463 18
1464 6
1464 80
1465 19
1466 18
1466 52
1466 53
1467 12
1468 12
1469 12
1470 1
1470 2
1470 18
1470 31
1471 9
1472 4
1472 15
1472 21
1472 60
1473 19
1473 20
1474 48
1475 12
1476 18
1477 20
1478 4
1479 4
1479 6
1480 15
1480 21
1480 24
1480 49
1481 15
1481 24
1481 94
1482 103
1483 4
1483 14
1484 17
1485 19
1486 12
1487 12
1488 12
1489 12
1490 15
1490 45
1490 46
1490 64
1491 45
1491 46
1492 10
1493 1
1493 2
1493 12
1493 31
1494 8
1494 9
1494 18
1495 4
1496 18
1496 68
1496 113
1497 80
1498 5
1499 23
1499 47
1500 55
1500 62
1501 46
1502 10
1503 45
1503 46
1504 9
1505 15
1505 21
1505 58
1505 60
1506 1
1506 2
1506 6
1506 15
1506 25
1506 41
1507 12
1508 27
1508 28
1509 5
1510 5
1511 12
1512 10
1512 97
1513 10
1514 45
1514 46
1515 1
1515 2
1515 17
1515 25
1516 23
1517 4
1517 15
1517 21
1518 24
1519 23
1520 12
1521 5
1521 101
1521 118
1522 1
1522 2
1522 18
1522 43
1523 4
1524 4
1524 17
1524 101
1525 29
1525 88
1526 29
1526 47
1527 1
1527 2
1527 17
1527 18
1527 43
1528 10
1529 10
1529 11
1530 4
1531 4
1531 24
1532 29
1532 47
1533 10
1534 4
1534 19
1534 20
1535 13
1535 14
1536 10
1537 5
1537 55
1537 85
1538 5
1538 38
1538 61
1539 6
1540 17
1540 20
1540 28
1541 19
1542 29
1543 22
1544 47
1545 10
1546 14
1547 8
1547 9
1547 18
1548 18
1548 80
1549 5
1550 4
1550 15
1550 21
1551 15
1551 21
1551 24
1551 67
1552 12
1553 1
1553 2
1553 18
1554 10
1555 18
1556 55
1557 6
1557 18
1557 80
1558 17
1559 1
1559 2
1559 18
1559 31
1559 51
1560 12
1561 1
1561 2
1561 18
1561 31
1562 1
1562 31
1562 40
1562 46
1562 89
1563 28
1563 55
1563 101
1564 5
1564 55
1565 24
1566 22
1567 29
1567 38
1568 12
1569 12
1570 62
1570 102
1571 36
1572 4
1572 14
1573 10
1573 45
1573 46
1574 17
1574 19
1574 20
1575 17
1576 5
1576 55
1577 23
1578 12
1579 1
1579 2
1579 12
1579 17
1579 43
1580 73
1581 1
1581 2
1581 12
1582 29
1583 45
1583 46
1584 1
1584 2
1584 17
1584 43
1584 79
1585 15
1585 24
1585 94
1586 6
1586 45
1586 46
1587 35
1588 4
1589 73
1590 2
1590 17
1590 68
1590 69
1591 23
1592 45
1592 46
1593 12
1594 28
1594 79
1595 4
1596 23
1597 55
1597 62
1598 46
1599 14
1600 12
1601 18
1602 11
1602 24
1603 130
1603 131
1604 4
1605 5
1606 4
1606 14
1606 24
1607 12
1608 13
1609 8
1609 15
1609 134
1610 4
1611 6
1611 14
1611 17
1612 18
1613 1
1613 2
1613 18
1614 10
1615 18
1616 35
1617 4
1618 17
1618 51
1619 10
1620 12
1620 55
1621 46
1622 12
1623 4
1623 13
1624 5
1625 46
1626 15
1626 49
1626 63
1626 64
1626 67
1626 124
1627 8
1627 9
1628 19
1628 20
1629 12
1629 56
1629 57
1630 24
1631 4
1632 104
1633 14
1633 29
1634 4
1634 18
1634 22
1635 10
1636 50
1636 55
1637 15
1637 45
1637 46
1638 5
1639 55
1640 13
1640 14
1641 12
1642 12
1643 4
1643 97
1644 19
1645 29
1645 47
1646 5
1646 88
1647 5
1647 55
1648 55
1649 5
1650 46
1651 10
1652 8
1652 18
1653 12
1654 17
1655 4
1655 6
1655 15
1655 21
1656 19
1656 20
1657 4
1658 4
1659 17
1659 83
1660 10
1660 11
1661 10
1661 11
1662 9
1663 18
1663 54
1664 12
1665 19
1666 5
1667 6
1667 18
1668 13
1669 5
1670 10
1671 47
1672 4
1672 20
1673 15
1673 24
1673 94
1674 6
1674 13
1675 6
1676 15
1676 21
1676 24
1676 94
1677 10
1677 11
1678 47
1679 27
1679 28
1679 61
1680 15
1680 24
1680 94
1681 12
1681 14
1682 4
1682 17
1682 24
1683 1
1683 2
1683 10
1683 25
1684 49
1685 32
1686 4
1686 24
1687 5
1688 10
1688 11
1689 23
1690 23
1691 1
1691 2
1691 25
1691 45
1691 46
1692 4
1693 4
1693 24
1694 10
1695 9
1695 18
1696 46
1697 17
1697 60
1698 54
1699 1
1699 2
1699 12
1700 9
1701 6
1702 17
1703 23
1704 18
1705 4
1706 10
1706 45
1706 46
1707 5
1708 1
1708 2
1708 18
1708 31
1708 51
1709 12
1710 18
1710 51
1711 13
1712 12
1713 5
1713 38
1714 54
1715 45
1715 46
1716 6
1717 33
1718 8
1718 18
1719 5
1719 55
1720 12
1721 1
1721 2
1722 18
1723 4
1723 24
1724 12
1725 6
1726 5
1727 4
1728 4
1729 1
1729 18
1729 31
1729 46
1729 89
1730 5
1731 18
1732 73
1733 15
1733 67
1733 88
1734 23
1735 46
1736 22
1737 18
1737 60
1738 29
1739 46
1740 1
1740 2
1740 12
1741 10
1741 11
1742 46
1743 12
1744 12
1745 5
1746 12
1747 12
1748 6
1748 80
1749 12
1750 17
1751 5
1752 18
1753 18
1754 46
1755 10
1755 45
1755 46
1756 5
1756 38
1756 61
1757 17
1757 80
1758 46
1759 5
1760 18
1761 17
1762 18
1763 5
1764 55
1765 22
1766 47
1767 46
1767 70
1768 49
1769 13
1770 45
1770 46
1771 13
1771 14
1772 45
1772 46
1773 15
1773 18
1773 21
1774 12
1775 5
1776 10
1777 1
1777 2
1777 12
1778 4
1779 38
1780 18
1781 4
1781 14
1782 10
1783 13
1783 22
1784 12
1785 23
1786 4
1787 54
1788 22
1788 79
1789 5
1790 5
1791 10
1791 11
1792 1
1792 2
1792 18
1792 31
1792 51
1793 5
1794 4
1794 10
1795 12
1796 10
1796 11
1797 38
1797 73
1798 13
1799 5
1799 47
1799 79
1800 135
1801 17
1802 12
1803 6
1803 35
1804 4
1804 15
1804 41
1805 1
1805 2
1805 47
1806 80
1807 23
1808 4
1808 6
1809 35
1810 46
1811 1
1811 2
1811 17
1811 25
1811 136
1812 34
1812 137
1813 39
1814 12
1815 6
1815 80
1816 1
1816 2
1816 25
1816 45
1816 46
1817 13
1818 15
1818 21
1818 24
1818 94
1819 4
1819 35
1820 10
1820 11
1821 38
1821 79
1822 15
1822 61
1822 64
1822 111
1822 138
1823 5
1823 27
1823 28
1824 42
1824 78
1825 19
1825 20
1825 49
1826 6
1826 15
1826 94
1827 18
1828 55
1828 62
1828 102
1829 12
1830 17
1831 139
1832 6
1832 17
1832 35
1833 1
1833 2
1834 39
1835 15
1835 21
1835 39
1836 39
1837 73
1838 8
1838 32
1839 13
1840 10
1841 15
1841 21
1841 46
1841 56
1841 57
1841 71
1842 45
1842 46
1843 55
1843 62
1843 124
1844 15
1844 17
1844 18
1844 59
1845 28
1845 62
1846 6
1847 10
1848 12
1849 28
1849 55
1849 101
1850 23
1851 13
1852 17
1852 60
1853 12
1854 6
1855 10
1855 11
1856 14
1856 18
1857 12
1858 6
1858 18
1859 80
1860 10
1861 22
1862 1
1862 2
1862 12
1862 31
1863 2
1863 12
1864 1
1864 2
1864 12
1865 54
1866 1
1866 2
1866 17
1867 22
1867 79
1868 14
1868 15
1868 41
1868 93
1869 1
1869 2
1869 17
1869 43
1870 18
1870 80
1871 10
1872 12
1873 1
1873 2
1873 18
1874 12
1875 12
1876 12
1877 17
1877 54
1877 55
1878 12
1879 15
1879 62
1879 63
1879 64
1879 67
1880 5
1881 4
1882 1
1882 2
1882 13
1882 18
1882 31
1883 14
1883 15
1883 16
1884 13
1884 14
1884 18
1885 15
1885 16
1885 18
1886 35
1887 45
1887 46
1888 15
1888 18
1888 21
1889 15
1889 29
1889 63
1889 64
1890 5
1891 12
1892 5
1893 15
1893 41
1893 46
1893 71
1893 94
1894 10
1894 11
1895 12
1896 12
1896 13
1897 6
1897 35
1898 46
1899 12
1900 12
1901 13
1902 27
1902 28
1902 140
1903 14
1903 18
1904 10
1905 10
1905 11
1906 6
1907 12
1908 12
1909 13
1910 18
1910 55
1911 8
1912 10
1913 5
1914 18
1914 99
1915 4
1916 12
1917 12
1918 6
1918 18
1919 14
1920 12
1921 54
1922 12
1923 12
1924 33
1925 12
1926 12
1927 4
1927 15
1927 41
1928 17
1928 40
1928 46
1928 89
1929 46
1929 141
1930 4
1930 14
1931 12
1932 1
1932 2
1932 31
1933 77
1934 46
1935 29
1935 47
1936 5
1937 9
1938 13
1938 15
1938 16
1939 45
1939 46
1940 12
1941 11
1941 17
1941 20
1942 6
1942 15
1942 21
1943 18
1943 54
1944 17
1945 55
1945 83
1946 6
1946 80
1947 13
1948 24
1949 12
1950 12
1951 12
1952 23
1953 6
1954 15
1954 23
1954 63
1954 64
1955 12
1956 12
1957 49
1958 5
1959 47
1960 15
1960 28
1960 59
1960 62
1961 14
1961 54
1962 47
1963 55
1964 19
1964 20
1965 4
1965 6
1965 35
1966 10
1966 45
1966 46
1966 61
1967 20
1967 49
1968 4
1968 6
1969 5
1970 18
1970 22
1970 128
1971 12
1972 15
1972 28
1972 41
1972 64
1972 138
1973 12
1974 10
1975 12
1976 45
1976 46
1977 15
1977 24
1977 94
1978 12
1979 4
1980 1
1980 2
1980 17
1980 25
1981 46
1981 142
1982 12
1982 18
1983 9
1983 18
1984 50
1985 13
1985 14
1985 18
1986 4
1986 11
1986 24
1987 15
1987 21
1987 39
1988 22
1989 45
1989 46
1990 18
1991 8
1991 45
1991 46
1992 12
1993 12
1994 18
1995 10
1995 17
1996 6
1996 18
1997 12
1998 18
1999 5
2000 10
2001 10
2002 1
2002 2
2002 12
2002 30
2003 4
2003 15
2003 21
2003 41
2004 12
2005 5
2006 10
2006 45
2006 46
2007 5
2008 38
2009 17
2010 9
2011 12
2012 23
2012 29
2012 47
2013 47
2014 10
2014 11
2015 45
2015 46
2016 13
2016 52
2016 53
2017 15
2017 24
2017 94
2018 46
2019 18
2019 56
2019 57
2020 12
2021 5
2022 5
2023 4
2023 15
2023 24
2023 72
2024 1
2024 2
2024 10
2024 31
2025 12
2026 12
2027 12
2028 19
2028 20
2029 12
2030 4
2030 24
2031 55
2032 12
2033 10
2034 6
2034 12
2034 14
2035 46
2036 4
2037 12
2038 12
2039 12
2039 14
2040 88
2041 1
2041 2
2041 30
2042 23
2043 46
2044 2
2044 68
2044 78
2044 143
2045 12
2046 8
2046 12
2046 54
2047 15
2047 18
2047 21
2048 5
2049 1
2049 2
2049 34
2049 43
2049 137
2050 15
2050 49
2050 67
2051 45
2051 46
2052 88
2053 12
2054 5
2055 6
2055 24
2056 13
2056 15
2056 16
2056 18
2057 12
2058 12
2059 103
2060 14
2061 29
2061 88
2062 6
2062 80
2063 12
2064 10
2064 45
2064 46
2065 46
2066 5
2067 17
2068 6
2068 80
2069 14
2070 22
2071 6
2071 18
2072 4
2072 14
2073 15
2073 61
2073 96
2074 55
2075 6
2075 15
2075 41
2075 93
2076 46
2077 14
2077 18
2078 4
2078 15
2078 64
2079 80
2080 23
2081 8
2082 9
2083 14
2083 18
2084 15
2084 24
2084 94
2085 6
2085 18
2086 46
2087 19
2087 20
2088 6
2088 15
2088 18
2088 67
2089 45
2089 46
2090 1
2090 2
2090 6
2090 13
2090 15
2090 106
2090 108
2090 144
2091 20
2091 28
2091 135
2092 18
2093 4
2093 15
2093 41
2094 19
2094 20
2095 1
2095 2
2095 57
2095 65
2095 100
2096 18
2097 45
2097 46
2098 14
2098 18
2099 1
2099 2
2099 18
2099 30
2100 6
2100 18
2101 12
2102 1
2102 2
2102 17
2102 43
2103 32
2104 49
2105 12
2106 29
2106 47
2107 4
2108 15
2108 24
2108 94
2109 4
2109 15
2109 21
2110 13
2110 18
2110 80
2111 12
2112 12
2113 10
2113 45
2113 46
2114 1
2114 2
2114 17
2114 31
2115 8
2116 15
2116 18
2116 21
2117 4
2117 14
2118 24
2119 10
2120 18
2121 10
2121 45
2121 46
2121 56
2121 57
2122 2
2122 17
2122 119
2123 29
2123 47
2124 1
2124 18
2124 31
2124 46
2124 89
2125 4
2125 15
2125 46
2125 138
2125 145
2126 6
2127 12
2128 12
2129 1
2129 2
2129 12
2129 30
2130 12
2131 10
2132 10
2133 10
2133 11
2134 4
2134 15
2134 28
2134 96
2135 45
2135 46
2136 2
2136 17
2136 68
2136 69
2136 119
2137 29
2137 47
2138 1
2138 2
2138 15
2138 25
2138 106
2138 108
2139 10
2140 4
2140 13
2141 5
2141 14
2141 38
2142 4
2143 10
2144 5
2144 38
2144 61
2145 4
2145 15
2145 16
2145 58
2146 17
2147 18
2148 18
2149 10
2150 17
2150 60
2151 17
2152 18
2153 19
2153 20
2154 5
2154 73
2155 23
2156 8
2156 13
2157 5
2158 17
2159 8
2159 98
2160 13
2161 5
2162 6
2162 18
2163 4
2164 5
2165 1
2165 31
2165 46
2165 89
2166 4
2167 54
2168 4
2168 15
2168 16
2168 46
2168 146
2169 5
2170 12
2171 15
2171 24
2171 94
2172 6
2173 6
2174 17
2175 13
2175 14
2176 46
2177 29
2178 45
2178 46
2179 10
2180 12
2181 13
2181 14
2182 12
2183 12
2184 12
2185 10
2185 24
2186 12
2186 91
2187 12
2188 12
2189 12
2189 14
2190 12
2191 48
2192 22
2193 12
2194 12
2195 12
2196 5
2197 87
2198 14
2199 10
2200 15
2200 19
2201 14
2202 5
2203 8
2203 9
2203 18
2204 4
2204 14
2205 45
2205 46
2206 46
2207 12
2208 55
2209 73
2210 46
2211 5
2211 55
2212 1
2212 17
2212 31
2212 46
2212 89
2213 4
2213 13
2214 12
2215 5
2215 14
2216 14
2217 18
2218 46
2219 4
2220 14
2221 13
2221 14
2222 18
2222 55
2223 24
2224 4
2225 18
2226 80
2227 48
2228 22
2229 20
2230 12
2231 14
2232 55
2233 12
2234 22
2234 42
2235 15
2235 41
2235 73
2235 96
2236 24
2237 12
2238 5
2239 5
2240 5
2240 79
2241 12
2242 15
2242 41
2242 56
2242 57
2242 79
2242 95
2242 96
2243 55
2244 5
2245 1
2245 2
2245 13
2245 18
2245 31
2246 13
2247 80
2248 54
2249 33
2250 12
2251 5
2252 11
2252 17
2252 34
2252 137
2253 5
2253 18
2254 73
2255 12
2256 12
2257 10
2258 4
2258 15
2258 28
2258 106
2258 108
2259 6
2259 15
2259 41
2260 29
2261 15
2261 18
2261 106
2261 108
2262 12
2263 48
2264 6
2264 18
2265 12
2266 14
2267 88
2268 14
2268 54
2269 10
2269 14
2270 73
2270 101
2270 128
2271 1
2271 2
2271 18
2271 31
2271 119
2272 1
2272 2
2272 10
2272 31
2273 13
2273 14
2274 13
2275 15
2275 24
2275 94
2276 15
2276 18
2276 21
2277 15
2277 17
2277 41
2278 15
2278 18
2278 21
2279 80
2280 17
2281 1
2281 2
2281 30
2282 2
2282 12
2283 51
2284 14
2285 1
2285 18
2285 31
2285 46
2285 89
2286 18
2287 4
2287 15
2287 21
2288 4
2288 14
2289 4
2290 15
2290 17
2290 41
2291 4
2291 14
2292 1
2292 17
2292 31
2292 46
2292 89
2293 6
2293 54
2294 6
2294 15
2294 21
2294 24
2295 4
2295 15
2295 94
2296 24
2297 6
2297 15
2297 41
2297 82
2298 8
2298 18
2299 6
2299 15
2299 41
2299 59
2300 60
2301 35
2302 29
2303 29
2304 15
2304 26
2304 82
2305 17
2305 19
2306 1
2306 2
2306 25
2306 35
2307 4
2308 15
2308 24
2308 94
2309 42
2310 22
2311 15
2311 24
2311 94
2312 4
2312 14
2313 10
2313 14
2314 20
2315 5
2316 46
2317 4
2318 18
2319 45
2319 46
2320 1
2320 2
2320 43
2320 136
2321 46
2322 14
2322 18
2323 4
2324 13
2325 17
2326 4
2326 9
2327 18
2328 54
2329 4
2329 14
2330 18
2331 6
2332 4
2332 15
2332 24
2332 72
2333 12
2334 14
2335 78
2336 22
2336 51
2337 22
2338 55
2338 62
2339 29
2339 47
2340 48
2341 1
2341 2
2341 17
2341 31
2342 4
2343 18
2344 46
2345 8
2346 13
2347 80
2348 5
2348 55
2349 4
2349 14
2350 5
2351 10
2352 10
2353 98
2354 1
2354 2
2355 5
2356 15
2356 18
2356 21
2357 4
2358 2
2358 18
2358 68
2358 69
2359 18
2360 18
2360 80
2361 15
2361 18
2361 21
2362 12
2363 2
2363 17
2363 129
2364 13
2364 14
2365 1
2365 2
2365 38
2365 55
2366 15
2366 24
2366 94
2367 5
2368 18
2369 17
2369 80
2370 12
2371 18
2372 24
2372 105
2373 1
2373 2
2373 15
2373 17
2373 31
2373 106
2373 108
2374 10
2375 2
2376 1
2376 2
2376 17
2376 43
2376 119
2377 18
2377 51
2378 55
2378 62
2378 102
2379 46
2380 6
2381 19
2382 18
2383 15
2383 24
2383 94
2384 17
2385 18
2386 45
2386 46
2387 12
2388 1
2388 2
2388 12
2388 18
2389 4
2390 10
2390 13
2390 45
2390 46
2391 17
2392 10
2392 11
2393 15
2393 16
2393 58
2394 10
2395 48
2396 47
2396 73
2397 12
2398 12
2399 14
2400 5
2401 12
2402 45
2402 46
2403 12
2404 1
2404 2
2404 15
2404 17
2404 43
2405 5
2406 12
2407 4
2407 73
2408 12
2409 12
2410 12
2411 12
2411 18
2412 45
2412 46
2413 4
2413 24
2414 5
2415 13
2415 14
2415 15
2415 16
2416 24
2417 19
2417 20
2418 23
2419 10
2420 10
2420 11
2421 38
2421 47
2422 12
2423 1
2423 2
2423 31
2423 51
2424 79
2425 19
2426 29
2426 47
2427 13
2428 9
2428 13
2428 22
2429 15
2429 35
2429 93
2429 96
2430 4
2431 5
2432 10
2433 46
2434 55
2435 15
2435 16
2435 46
2435 48
2435 59
2435 147
2436 12
2437 10
2437 68
2437 113
2438 12
2438 48
2439 12
2440 5
2441 18
2442 8
2442 9
2442 61
2443 4
2443 11
2443 48
2444 10
2445 10
2445 11
2446 10
2447 4
2448 8
2448 9
2449 13
2449 14
2450 12
2451 12
2452 14
2453 12
2453 15
2453 21
2454 14
2455 15
2455 17
2455 106
2455 108
2456 23
2457 10
2457 20
2458 18
2459 13
2460 62
2460 102
2461 14
2462 29
2463 5
2464 15
2464 21
2464 24
2465 17
2466 13
2467 4
2467 24
2468 4
2468 13
2468 18
2469 15
2469 24
2469 94
2470 54
2471 13
2472 18
2473 17
2474 1
2474 2
2474 17
2474 43
2475 4
2476 10
2476 11
2477 10
2477 11
2478 15
2478 21
2478 61
2478 93
2479 4
2479 15
2479 96
2480 62
2481 5
2482 14
2483 24
2483 46
2483 57
2483 92
2484 1
2484 2
2484 17
2485 55
2486 1
2486 2
2486 8
2486 9
2487 10
2488 2
2488 9
2488 68
2488 69
2489 12
2490 10
2491 12
2492 18
2493 10
2494 14
2495 14
2496 12
2497 12
2498 18
2499 14
2500 4
2501 10
2502 12
2503 46
2504 4
2505 4
2505 15
2505 24
2505 72
2506 12
2507 15
2507 16
2507 35
2508 4
2508 15
2508 21
2509 14
2510 4
2511 1
2511 2
2511 17
2512 12
2513 17
2514 38
2514 50
2515 12
2516 15
2516 24
2516 94
2517 35
2518 4
2518 14
2519 17
2519 55
2520 4
2520 24
2521 13
2521 14
2522 6
2523 5
2524 4
2525 14
2525 32
2525 78
2526 18
2527 12
2528 46
2529 10
2530 5
2531 18
2531 80
2532 49
2533 55
2533 62
2533 102
2534 29
2535 29
2536 148
2537 19
2537 20
2537 49
2538 4
2539 15
2539 46
2539 59
2539 146
2540 17
2541 4
2541 14
2542 1
2542 2
2542 43
2542 49
2543 8
2543 18
2543 98
2544 38
2545 12
2546 49
2547 20
2548 17
2549 4
2549 28
2550 1
2550 2
2550 17
2550 25
2551 10
2552 12
2553 12
2553 14
2554 4
2554 13
2554 15
2554 16
2555 5
2556 12
2557 10
2558 18
2559 14
2559 18
2560 12
2561 12
2562 5
2562 15
2563 13
2563 14
2564 14
2565 12
2565 14
2566 18
2567 12
2568 46
2569 18
2569 22
2570 1
2570 2
2570 18
2571 54
2572 4
2573 4
2574 12
2575 29
2576 1
2576 31
2576 46
2576 51
2576 89
2577 12
2577 46
2577 57
2577 92
2578 18
2579 12
2580 17
2581 10
2582 6
2583 1
2583 2
2584 4
2585 18
2585 52
2585 125
2586 38
2587 15
2587 24
2587 106
2587 108
2588 5
2589 12
2589 14
2590 1
2590 2
2590 3
2590 18
2591 48
2592 10
2592 11
2593 14
2594 1
2594 31
2594 46
2594 51
2594 89
2595 5
2595 23
2596 6
2596 80
2597 6
2598 14
2598 54
2599 38
2600 14
2600 15
2600 16
2601 4
2602 9
2603 18
2604 23
2605 12
2605 13
2605 48
2606 55
2606 83
2607 14
2607 32
2607 42
2608 12
2609 15
2609 64
2609 138
2610 15
2610 24
2610 94
2611 9
2612 1
2612 17
2612 31
2612 46
2612 89
2613 5
2614 13
2614 14
2615 10
2616 4
2616 79
2617 5
2617 55
2618 4
2619 4
2619 15
2619 41
2620 5
2621 10
2622 14
2623 10
2623 18
2624 4
2625 13
2625 48
2626 1
2626 2
2626 18
2627 12
2628 6
2629 4
2629 15
2629 41
2629 46
2629 56
2629 149
2630 4
2631 84
2632 5
2633 4
2633 14
2633 24
2634 45
2634 46
2635 46
2636 12
2637 13
2637 14
2638 14
2638 54
2639 18
2640 29
2641 4
2641 15
2641 24
2641 72
2642 29
2643 18
2644 12
2645 18
2646 10
2647 13
2647 14
2648 14
2649 1
2649 18
2649 31
2649 46
2649 89
2650 10
2651 4
2651 14
2652 46
2653 4
2653 24
2654 46
2655 12
2656 79
2657 46
2658 2
2658 17
2658 68
2658 69
2659 46
2660 46
2661 17
2662 1
2662 2
2662 10
2662 25
2662 45
2662 46
2663 4
2663 18
2664 17
2664 52
2664 53
2665 62
2665 102
2666 4
2666 24
2667 4
2667 6
2667 15
2667 41
2668 17
2669 18
2670 79
2671 12
2672 12
2673 55
2673 62
2674 17
2675 14
2676 46
2677 14
2678 6
2679 5
2680 13
2680 17
2680 22
2681 12
2682 23
2683 17
2684 10
2685 12
2686 10
2687 12
2687 17
2688 4
2688 15
2688 16
2688 88
2689 4
2689 14
2690 8
2690 9
2690 18
2691 12
2692 29
2693 46
2694 55
2695 22
2696 17
2697 5
2697 55
2698 18
2699 13
2699 14
2699 18
2700 5
2701 80
2702 12
2703 6
2704 13
2705 6
2705 15
2705 94
2706 10
2707 15
2707 24
2707 94
2708 10
2708 11
2709 38
2709 79
2710 12
2711 13
2711 14
2712 13
2712 14
2713 18
2714 1
2714 18
2714 31
2714 46
2714 89
2715 4
2715 15
2715 24
2715 72
2716 38
2717 5
2717 38
2717 55
2718 22
2718 50
2719 5
2720 1
2720 2
2720 18
2720 31
2721 10
2721 45
2721 46
2722 10
2723 79
2724 15
2724 17
2724 41
2725 18
2726 73
2727 14
2728 80
2729 12
2730 12
2731 4
2731 14
2732 18
2733 23
2734 14
2735 15
2735 24
2735 41
2735 93
2736 5
2737 14
2738 23
2739 38
2739 50
2740 12
2741 73
2742 18
2743 5
2743 38
2743 47
2744 4
2745 13
2746 15
2746 17
2746 44
2747 12
2748 46
2749 15
2749 18
2749 82
2750 13
2751 17
2752 17
2753 10
2753 11
2754 15
2754 46
2754 83
2754 134
2754 150
2755 1
2755 2
2755 17
2756 54
2757 12
2758 1
2758 2
2758 17
2759 12
2760 45
2760 46
2761 5
2762 14
2762 54
2763 12
2764 12
2765 46
2766 4
2766 6
2767 12
2768 12
2769 5
2769 14
2769 24
2770 14
2771 19
2771 20
2772 5
2773 4
2773 14
2774 4
2774 15
2774 41
2775 47
2776 9
2777 10
2777 15
2777 16
2778 10
2778 45
2778 46
2779 23
2780 5
2781 14
2782 10
2783 15
2783 22
2783 59
2784 20
2785 55
2786 1
2786 2
2786 3
2786 37
2787 1
2787 18
2787 31
2787 46
2787 89
2788 5
2789 6
2790 4
2790 24
2791 46
2792 10
2793 12
2794 12
2795 10
2795 45
2795 46
2796 2
2796 60
2796 68
2796 143
2797 4
2797 24
2798 12
2799 45
2799 46
2800 4
2800 17
2801 1
2801 2
2801 80
2801 144
2802 12
2803 12
2804 45
2804 46
2805 14
2805 15
2805 16
2806 1
2806 2
2806 13
2806 18
2806 31
2807 35
2808 8
2809 17
2810 15
2810 24
2810 94
2811 12
2812 18
2813 13
2814 13
2814 17
2815 6
2815 15
2815 24
2815 94
2816 88
2817 10
2817 11
2818 18
2819 6
2820 46
2820 57
2820 65
2820 132
2821 15
2821 106
2821 108
2822 18
2823 17
2824 6
2825 18
2826 5
2827 1
2827 2
2827 43
2827 45
2827 46
2828 19
2829 24
2830 24
2830 45
2830 46
2831 10
2832 13
2833 73
2834 12
2835 18
2836 10
2837 8
2837 55
2838 77
2839 62
2840 112
2841 8
2842 38
2843 14
2844 10
2844 45
2844 46
2844 56
2844 57
2845 51
2846 12
2847 5
2848 135
2849 12
2850 10
2851 19
2851 20
2852 45
2852 46
2853 79
2854 10
2855 8
2856 10
2857 15
2857 16
2857 80
2858 5
2858 55
2859 12
2860 29
2860 88
2861 1
2861 2
2861 12
2861 43
2862 15
2862 35
2862 41
2863 13
2863 14
2864 51
2865 10
2866 14
2866 18
2867 12
2868 24
2869 4
2869 14
2870 46
2870 151
2870 152
2870 153
2871 6
2872 12
2872 14
2873 4
2874 4
2874 6
2875 10
2875 15
2875 59
2876 1
2876 2
2876 18
2876 46
2876 154
2877 8
2878 13
2878 18
2879 5
2880 17
2880 60
2881 15
2881 17
2881 35
2881 155
2882 1
2882 18
2882 31
2882 46
2882 89
2883 8
2884 5
2884 23
2884 38
2885 17
2886 13
2886 14
2887 1
2887 2
2887 6
2887 18
2888 6
2888 15
2888 21
2889 15
2889 24
2889 41
2890 12
2891 15
2891 61
2891 64
2891 111
2891 138
2892 1
2892 18
2892 31
2892 46
2892 89
2893 12
2894 73
2895 12
2896 12
2897 10
2898 1
2898 2
2898 20
2898 25
2899 6
2900 12
2901 45
2901 46
2902 45
2902 46
2903 47
2904 22
2905 14
2905 15
2905 16
2906 4
2906 6
2906 35
2907 17
2908 6
2908 17
2909 10
2910 12
2911 5
2912 15
2912 24
2912 94
2913 17
2914 5
2915 12
2916 12
2916 14
2916 91
2917 73
2918 12
2919 4
2919 14
2920 17
2921 1
2921 2
2921 10
2921 31
2922 46
2923 12
2923 14
2924 10
2925 18
2925 22
2925 128
2926 20
2927 12
2928 18
2929 48
2930 1
2930 2
2930 18
2930 31
2931 2
2932 45
2932 46
2933 46
2934 46
2934 142
2935 5
2936 29
2937 22
2938 4
2938 24
2939 18
2940 15
2940 35
2940 94
2941 103
2942 5
2943 10
2944 4
2944 14
2945 45
2945 46
2946 12
2947 13
2948 12
2949 29
2950 23
2951 13
2951 14
2952 5
2952 23
2952 88
2953 17
2954 102
2954 104
2955 17
2955 35
2956 8
2957 46
2958 15
2958 16
2958 18
2959 4
2960 18
2961 4
2961 14
2962 55
2963 5
2964 55
2965 5
2966 46
2967 55
2967 62
2968 12
2969 14
2970 12
2971 5
2971 51
2972 13
2972 20
2972 48
2973 5
2974 62
2974 102
2975 24
2976 14
2977 5
2978 4
2978 14
2979 5
2979 55
2980 6
2980 17
2980 55
2981 19
2981 20
2982 55
2983 13
2983 14
2984 13
2984 14
2985 12
2986 55
2987 5
2987 55
2988 55
2989 17
2990 5
2991 55
2992 5
2992 55
2993 10
2994 12
2995 10
2996 5
2997 5
2998 140
2999 55
3000 55
3001 5
3001 55
3002 10
3003 18
3003 55
3004 5
3004 55
3005 5
3006 55
3007 5
3007 55
3008 80
3009 18
3010 55
3011 18
3012 23
3012 55
3013 5
3013 55
3014 5
3014 55
3015 12
3016 5
3016 55
3017 55
3018 13
3019 10
3019 55
3020 5
3020 55
3021 55
3022 55
3023 5
3023 55
3024 10
3024 18
3025 4
3025 14
3026 4
3026 14
3027 23
3028 15
3028 18
3028 21
3028 59
3028 80
3029 8
3029 29
3030 15
3030 33
3030 41
3030 136
3031 1
3031 2
3031 15
3031 25
3031 46
3031 90
3031 106
3031 108
3032 12
3033 14
3033 29
3034 1
3034 2
3034 17
3035 1
3035 17
3035 31
3035 46
3035 89
3036 8
3036 15
3036 22
3036 64
3036 156
3037 12
3038 12
3039 45
3039 46
3040 22
3041 18
3042 13
3043 1
3043 2
3043 18
3043 40
3044 10
3045 4
3045 18
3046 4
3046 14
3047 12
3048 46
3048 52
3048 157
3048 158
3048 159
3049 18
3050 14
3051 5
3052 8
3053 10
3054 12
3055 5
3056 4
3056 14
3057 12
3058 13
3058 48
3059 1
3059 2
3059 10
3059 11
3059 25
3060 79
3061 45
3061 46
3062 12
3063 50
3064 29
3065 52
3065 53
3065 57
3065 95
3066 12
3066 14
3067 10
3068 14
3068 24
3069 13
3069 14
3069 48
3070 13
3070 14
3071 10
3071 91
3072 42
3072 91
3073 13
3073 14
3074 124
3074 160
3075 18
3076 10
3077 4
3078 29
3079 13
3079 14
3080 14
3080 48
3081 12
3082 10
3083 17
3083 20
3083 28
3084 4
3085 12
3086 45
3086 46
3087 35
3088 5
3089 18
3089 46
3089 57
3089 65
3089 132
3090 5
3091 13
3092 18
3093 14
3094 49
3094 135
3095 29
3096 46
3097 12
3098 46
3099 1
3099 2
3099 29
3100 15
3100 96
3101 4
3101 10
3102 5
3103 19
3103 20
3104 19
3104 20
3105 5
3106 46
3107 10
3108 12
3108 14
3109 9
3110 4
3111 12
3111 54
3112 12
3113 10
3114 6
3115 14
3115 15
3115 16
3116 13
3117 10
3118 18
3119 17
3119 56
3119 57
3120 6
3120 80
3121 10
3122 10
3123 5
3124 1
3124 2
3124 18
3124 43
3125 17
3126 45
3126 46
3127 35
3128 46
3129 18
3130 10
3131 14
3131 15
3131 16
3132 5
3132 38
3133 14
3133 38
3134 48
3135 10
3136 14
3136 51
3137 12
3138 14
3139 29
3140 46
3141 29
3142 1
3142 2
3142 18
3142 31
3143 29
3144 10
3145 17
3146 32
3146 51
3147 4
3147 14
3147 24
3148 73
3149 10
3150 38
3151 18
3152 13
3152 14
3152 15
3152 16
3153 22
3154 19
3154 20
3154 49
3154 161
3155 2
3155 4
3156 10
3157 12
3157 14
3158 4
3159 22
3160 54
3161 1
3161 18
3161 31
3161 46
3161 89
3162 18
3163 29
3164 6
3165 10
3166 4
3167 10
3168 10
3169 10
3170 4
3170 14
3171 62
3171 102
3172 14
3172 15
3172 16
3173 24
3174 2
3174 17
3175 12
3176 13
3176 14
3177 10
3178 1
3178 2
3178 18
3179 10
3180 33
3181 12
3181 27
3182 6
3182 17
3183 8
3183 12
3184 12
3185 8
3185 12
3186 29
3187 6
3188 12
3189 6
3190 1
3190 2
3190 17
3190 43
3190 68
3190 69
3191 22
3192 5
3193 1
3193 2
3193 18
3193 31
3193 68
3193 113
3194 47
3195 46
3196 4
3196 15
3196 21
3197 45
3197 46
3198 45
3198 46
3199 17
3200 6
3200 17
3201 80
3202 12
3203 35
3203 81
3204 38
3205 14
3205 15
3206 12
3207 10
3207 45
3207 46
3208 46
3209 12
3210 10
3211 4
3212 12
3213 4
3213 15
3213 41
3214 10
3215 10
3216 12
3216 14
3217 14
3218 12
3219 12
3220 12
3221 46
3222 62
3222 102
3223 10
3223 11
3224 12
3225 12
3226 12
3227 55
3228 4
3228 17
3229 8
3229 98
3230 5
3231 23
3232 14
3232 45
3232 46
3233 12
3234 10
3235 46
3236 5
3236 29
3237 47
3238 47
3239 4
3239 6
3240 13
3240 14
3241 10
3242 15
3242 24
3242 94
3243 13
3243 14
3244 13
3244 17
3245 47
3246 5
3247 4
3247 6
3247 15
3247 21
3248 4
3249 4
3249 14
3250 4
3251 10
3252 15
3252 16
3253 4
3253 14
3254 29
3254 88
3255 4
3255 15
3255 21
3255 41
3256 15
3256 35
3256 41
3256 64
3256 162
3257 18
3258 54
3259 5
3259 38
3260 13
3261 12
3261 14
3262 73
3263 15
3263 24
3263 94
3264 1
3264 18
3264 31
3264 46
3264 89
3265 10
3265 11
3266 12
3267 18
3268 14
3269 8
3269 14
3269 98
3270 14
3270 54
3271 4
3271 15
3271 24
3271 72
3272 1
3272 2
3272 18
3272 30
3273 51
3274 10
3274 15
3274 111
3275 10
3276 12
3277 17
3278 5
3279 10
3280 12
3281 18
3282 10
3283 14
3284 46
3285 18
3286 17
3287 14
3287 54
3288 12
3289 18
3290 18
3291 12
3292 14
3293 46
3294 46
3295 4
3295 14
3296 12
3297 46
3298 46
3299 46
3300 10
3301 17
3302 46
3303 48
3304 4
3305 4
3305 15
3305 21
3306 5
3307 46
3308 4
3308 14
3309 48
3309 91
3310 18
3310 56
3310 57
3310 128
3311 4
3311 15
3311 46
3311 63
3311 64
3311 163
3312 14
3313 22
3314 10
3314 45
3314 46
3315 10
3316 10
3317 10
3318 12
3318 48
3318 61
3319 13
3319 17
3319 18
3320 10
3321 45
3321 46
3322 10
3323 10
3323 45
3323 46
3324 78
3325 1
3325 2
3325 25
3326 38
3327 4
3328 10
3329 15
3329 48
3329 155
3330 4
3331 12
3332 54
3333 8
3333 12
3334 19
3334 24
3335 4
3335 14
3336 9
3337 12
3338 10
3339 15
3339 21
3339 35
3340 12
3341 12
3341 56
3341 57
3342 12
3343 12
3343 14
3344 1
3344 2
3344 18
3345 19
3345 20
3346 24
3346 80
3347 17
3348 5
3349 54
3350 4
3351 164
3351 165
3352 12
3352 14
3353 1
3353 18
3353 31
3353 46
3353 89
3354 29
3355 17
3356 58
3357 14
3357 15
3357 16
3358 6
3359 4
3360 46
3361 46
3362 5
3363 46
3364 13
3364 14
3365 12
3366 12
3367 5
3367 38
3368 12
3369 14
3370 10
3371 12
3372 12
3373 5
3374 1
3374 2
3374 18
3374 31
3375 12
3376 5
3377 12
3378 10
3379 4
3380 5
3381 4
3381 14
3382 4
3382 6
3382 24
3383 19
3384 22
3384 56
3384 57
3385 23
3386 1
3386 18
3386 31
3386 46
3386 89
3387 5
3387 8
3388 12
3388 17
3389 12
3390 18
3390 56
3390 57
3390 128
3391 12
3392 14
3393 24
3394 4
3394 15
3394 21
3395 4
3395 14
3396 12
3397 12
3397 14
3398 14
3399 18
3400 9
3400 18
3401 18
3402 14
3402 18
3403 4
3403 14
3404 12
3405 1
3405 2
3405 13
3406 38
3407 12
3408 1
3408 2
3408 18
3408 31
3408 51
3409 4
3410 14
3411 77
3412 46
3413 23
3414 12
3415 46
3416 17
3417 32
3417 42
3417 78
3418 46
3419 18
3420 18
3420 56
3420 57
3420 128
3421 46
3422 4
3422 14
3423 18
3423 51
3424 51
3425 12
3425 14
3426 18
3427 17
3428 5
3429 29
3429 88
3430 12
3431 11
3431 17
3432 46
3433 13
3433 14
3434 19
3434 24
3435 4
3436 6
3436 18
3437 12
3438 12
3438 14
3439 52
3439 53
3439 57
3439 95
3439 122
3439 158
3439 166
3439 167
3439 168
3440 10
3441 4
3441 10
3442 17
3443 14
3444 10
3445 6
3445 17
3446 12
3447 15
3447 21
3447 35
3448 10
3449 10
3450 13
3450 14
3451 13
3451 14
3452 10
3452 11
3453 14
3454 46
3455 45
3455 46
3456 29
3456 47
3457 1
3457 2
3457 31
3457 38
3458 12
3459 12
3460 12
3461 46
3462 13
3463 14
3464 5
3465 2
3465 12
3466 19
3466 20
3467 9
3468 15
3468 17
3468 41
3469 10
3470 4
3470 91
3471 81
3472 80
3473 46
3474 12
3474 48
3474 61
3475 1
3475 2
3475 17
3475 31
3475 51
3476 10
3477 10
3478 12
3479 10
3480 45
3480 46
3481 12
3481 18
3481 57
3481 65
3481 100
3482 9
3483 13
3483 14
3484 5
3485 98
3486 9
3487 10
3487 14
3488 8
3489 14
3490 13
3490 14
3490 18
3491 14
3492 18
3493 10
3494 12
3495 14
3496 14
3496 18
3497 10
3497 17
3498 17
3499 4
3499 15
3499 41
3500 81
3501 1
3501 2
3501 18
3501 31
3501 51
3502 13
3503 4
3504 9
3505 18
3506 18
3507 15
3507 17
3507 46
3507 63
3507 145
3508 46
3509 10
3510 17
3511 45
3511 46
3512 14
3512 29
3513 10
3514 13
3515 46
3516 48
3517 14
3518 14
3519 45
3519 46
3520 5
3521 4
3521 14
3522 46
3523 10
3524 22
3525 9
3525 18
3526 12
3527 17
3528 10
3529 29
3529 88
3530 10
3531 10
3532 10
3533 38
3534 13
3534 14
3535 14
3535 18
3536 15
3536 35
3536 41
3537 12
3538 18
3539 10
3540 6
3541 14
3541 54
3542 12
3543 14
3543 15
3543 16
3544 42
3544 78
3545 1
3545 2
3545 17
3545 43
3545 68
3545 107
3546 46
3547 5
3548 5
3549 38
3549 60
3549 73
3550 12
3551 10
3552 14
3552 18
3553 46
3554 45
3554 46
3554 61
3555 18
3556 4
3556 35
3557 12
3558 14
3558 18
3559 48
3560 14
3561 10
3562 73
3563 4
3564 4
3565 12
3566 45
3566 46
3567 5
3568 12
3569 18
3570 17
3571 8
3571 9
3571 18
3572 15
3572 46
3572 63
3572 73
3572 145
3573 169
3574 4
3575 17
3576 29
3577 39
3578 4
3578 14
3579 77
3579 79
3580 18
3580 56
3580 57
3580 128
3581 51
3582 9
3583 4
3583 14
3584 17
3585 12
3586 18
3587 18
3588 17
3589 45
3589 46
3590 4
3591 13
3592 10
3592 18
3592 83
3593 15
3593 46
3593 96
3593 170
3594 12
3595 1
3595 2
3595 13
3596 6
3597 1
3597 2
3597 18
3597 31
3597 51
3598 14
3598 18
3599 22
3600 13
3601 12
3602 15
3602 21
3602 24
3603 12
3604 29
3605 12
3606 10
3607 4
3607 14
3608 14
3609 18
3610 46
3611 17
3612 48
3613 19
3613 20
3613 49
3614 20
3614 49
3615 46
3616 5
3616 55
3617 12
3617 14
3618 10
3619 45
3619 46
3620 4
3621 18
3622 55
3623 17
3624 14
3625 14
3626 10
3627 13
3627 14
3628 29
3629 10
3629 11
3630 13
3631 12
3632 10
3632 14
3633 4
3633 14
3634 1
3634 2
3634 17
3634 25
3635 46
3636 12
3637 13
3638 12
3639 13
3640 5
3641 4
3642 12
3643 48
3644 15
3644 67
3644 124
3644 155
3645 9
3645 18
3646 46
3647 4
3647 14
3648 51
3649 10
3650 10
3651 4
3652 45
3652 46
3653 10
3654 49
3655 5
3656 13
3657 4
3657 14
3658 5
3659 13
3660 29
3661 18
3661 56
3661 57
3661 128
3662 12
3663 15
3663 35
3663 41
3664 17
3665 18
3666 10
3667 18
3668 10
3669 46
3670 45
3670 46
3671 10
3672 48
3673 1
3673 2
3673 23
3674 18
3675 6
3676 10
3677 1
3677 2
3677 31
3678 18
3679 6
3680 27
3680 61
3680 171
3681 46
3682 13
3682 48
3683 18
3684 13
3684 14
3685 10
3686 12
3687 91
3688 12
3689 4
3689 11
3689 24
3690 18
3691 10
3692 73
3693 46
3694 4
3694 15
3694 106
3694 108
3695 5
3696 46
3697 17
3698 12
3699 24
3700 46
3701 18
3702 18
3703 1
3703 2
3703 29
3703 43
3703 47
3704 45
3704 46
3705 46
3706 2
3707 10
3707 45
3707 46
3708 22
3709 18
3710 12
3711 12
3712 10
3713 6
3714 54
3715 4
3716 1
3716 2
3716 31
3717 18
3718 78
3719 5
3720 29
3721 18
3722 6
3723 14
3724 5
3725 12
3725 15
3725 172
3726 5
3726 55
3727 10
3727 11
3727 61
3728 6
3728 52
3728 53
3729 5
3730 46
3731 13
3731 14
3732 14
3733 49
3734 46
3735 4
3736 10
3737 46
3738 1
3738 2
3738 12
3738 173
3739 19
3740 10
3741 15
3741 21
3741 60
3742 17
3743 12
3744 12
3745 18
3746 32
3747 10
3748 12
3749 14
3750 13
3750 14
3751 13
3751 14
3752 46
3753 13
3753 17
3753 48
3754 15
3754 48
3754 134
3755 13
3755 14
3756 10
3757 10
3757 14
3758 48
3759 10
3760 18
3761 46
3762 5
3763 12
3764 46
3765 12
3766 10
3766 45
3766 46
3767 10
3768 13
3768 48
3769 5
3770 4
3770 14
3771 10
3771 11
3772 61
3773 14
3774 29
3774 88
3775 10
3776 45
3776 46
3777 10
3778 6
3779 46
3780 46
3781 1
3781 2
3781 9
3782 18
3783 10
3784 13
3785 18
3786 12
3787 18
3787 45
3787 46
3788 46
3789 10
3789 45
3789 46
3790 35
3791 2
3792 46
3793 14
3793 54
3794 46
3795 5
3796 29
3796 47
3797 12
3798 14
3798 15
3798 16
3799 12
3800 5
3801 18
3802 10
3802 14
3803 79
3804 15
3804 24
3804 94
3805 13
3805 14
3806 5
3806 38
3807 14
3808 10
3809 18
3810 18
3811 17
3811 18
3812 54
3813 45
3813 46
3814 5
3815 47
3816 17
3817 62
3818 46
3819 14
3819 18
3820 14
3821 46
3822 13
3822 14
3822 18
3823 4
3823 14
3824 10
3824 14
3825 14
3825 54
3826 5
3826 15
3826 93
3827 4
3827 18
3828 1
3828 17
3828 31
3828 46
3828 89
3829 1
3829 2
3829 12
3830 22
3831 12
3832 14
3833 15
3833 45
3833 46
3834 4
3835 46
3836 4
3836 24
3837 8
3837 78
3838 46
3838 57
3838 65
3838 132
3839 10
3840 14
3841 12
3842 6
3843 46
3844 46
3845 14
3845 15
3845 16
3846 15
3846 88
3846 155
3846 174
3846 175
3847 4
3848 46
3849 4
3850 46
3851 14
3852 33
3852 87
3853 5
3854 5
3854 55
3855 22
3856 5
3857 17
3858 15
3858 38
3858 134
3859 6
3860 24
3861 46
3862 13
3863 5
3864 46
3865 48
3865 91
3866 5
3867 80
3868 5
3869 12
3870 17
3871 14
3872 12
3873 12
3874 12
3875 10
3876 15
3876 106
3876 108
3877 6
3877 18
3877 80
3878 46
3879 4
3879 8
3879 98
3880 10
3880 11
3881 6
3881 80
3882 14
3883 4
3883 24
3884 10
3885 4
3886 13
3886 14
3887 5
3888 29
3889 14
3890 46
3891 12
3892 8
3892 9
3893 17
3894 10
3895 80
3896 6
3897 17
3898 15
3898 24
3898 94
3899 45
3899 46
3900 1
3900 2
3900 20
3900 25
3900 46
3900 71
3901 4
3902 46
3903 12
3904 38
3905 12
3906 18
3907 23
3908 23
3908 176
3909 12
3910 46
3911 46
3912 14
3913 18
3913 35
3914 8
3915 12
3916 17
3917 14
3918 14
3918 18
3919 6
3920 12
3921 10
3921 14
3922 4
3923 12
3924 17
3925 19
3925 35
3926 18
3926 52
3926 53
3927 9
3927 46
3927 70
3928 12
3929 27
3929 35
3930 12
3930 15
3930 134
3931 29
3932 18
3933 10
3933 11
3934 4
3934 6
3935 51
3936 46
3937 4
3937 14
3938 9
3939 14
3939 18
3939 128
3940 46
3941 15
3941 18
3941 21
3942 13
3942 14
3943 10
3944 19
3945 46
3946 46
3947 4
3947 15
3947 24
3947 72
3948 13
3948 14
3949 17
3949 20
3950 18
3951 10
3951 14
3952 4
3953 14
3954 5
3954 55
3955 18
3955 22
3955 128
3956 14
3957 14
3958 15
3958 35
3958 96
3959 13
3960 12
3961 46
3962 46
3963 14
3964 13
3965 98
3966 12
3967 18
3967 22
3967 24
3968 10
3968 51
3969 12
3970 1
3970 2
3970 22
3970 31
3971 10
3972 29
3972 88
3973 10
3974 14
3975 20
3976 4
3977 6
3977 35
3978 17
3979 12
3980 10
3981 10
3982 29
3983 4
3984 12
3985 46
3986 5
3987 35
3988 128
3989 4
3989 14
3990 4
3990 14
3991 13
3991 14
3992 10
3992 45
3992 46
3993 73
3994 32
3995 8
3996 18
3997 1
3997 2
3997 3
3997 18
3998 14
3998 54
3999 14
4000 46
4001 23
4002 13
4002 14
4003 45
4003 46
4003 177
4004 10
4005 46
4006 14
4007 18
4008 15
4008 32
4008 172
4009 46
4010 45
4010 46
4011 13
4012 46
4013 17
4014 45
4014 46
4015 29
4016 17
4017 46
4018 13
4018 18
4018 48
4019 9
4019 13
4019 18
4020 12
4021 4
4022 8
4022 12
4022 101
4023 12
4024 14
4025 5
4026 5
4026 55
4027 4
4028 6
4029 10
4030 12
4031 12
4032 14
4033 48
4034 12
4035 12
4036 46
4037 46
4038 14
4039 12
4040 12
4041 10
4041 24
4042 13
4042 14
4043 55
4044 10
4045 14
4046 4
4047 46
4048 20
4048 49
4049 17
4050 8
4050 12
4051 9
4052 12
4053 12
4054 29
4054 47
4054 88
4055 18
4056 13
4056 14
4057 4
4057 14
4058 17
4059 18
4059 46
4059 57
4059 92
4059 128
4060 46
4061 10
4062 10
4063 60
4064 17
4065 2
4065 5
4066 1
4066 2
4066 11
4066 18
4067 24
4068 46
4069 46
4070 55
4071 51
4072 13
4072 14
4073 10
4073 45
4073 46
4074 4
4075 10
4076 46
4077 4
4077 14
4078 77
4079 46
4080 10
4081 46
4082 51
4083 14
4084 12
4084 15
4084 63
4084 64
4085 14
4086 10
4086 45
4086 46
4087 46
4088 46
4089 4
4089 14
4090 5
4090 14
4091 18
4092 10
4093 18
4094 19
4095 4
4095 83
4095 101
4096 23
4097 19
4098 45
4098 46
4099 46
4100 12
4101 5
4102 45
4102 46
4103 42
4104 15
4104 24
4104 94
4105 17
4106 14
4106 54
4107 10
4108 4
4108 14
4109 8
4110 46
4111 46
4112 5
4113 18
4114 13
4114 14
4115 12
4116 18
4117 17
4118 51
4119 12
4120 10
4121 10
4121 45
4121 46
4122 4
4122 15
4122 21
4123 9
4124 2
4125 15
4125 96
4126 13
4126 14
4127 46
4128 8
4128 9
4129 15
4129 22
4129 134
4130 33
4131 4
4131 14
4132 46
4133 24
4134 12
4135 15
4135 16
4135 22
4136 10
4136 51
4136 56
4136 57
4137 17
4138 22
4139 12
4140 18
4141 35
4142 12
4143 19
4143 20
4143 45
4143 46
4144 12
4144 56
4144 57
4145 12
4146 6
4146 80
4147 45
4147 46
4148 14
4149 38
4150 13
4150 18
4151 12
4152 46
4153 17
4154 1
4154 2
4154 3
4154 18
4155 14
4156 48
4157 12
4158 12
4159 5
4160 15
4160 38
4160 79
4160 134
4161 4
4162 10
4162 11
4163 10
4164 80
4165 10
4165 45
4165 46
4166 47
4166 73
4166 88
4167 14
4167 54
4168 29
4169 19
4170 19
4170 20
4171 14
4172 4
4173 45
4173 46
4174 14
4174 42
4175 18
4176 12
4177 46
4178 24
4179 46
4180 10
4180 11
4181 1
4181 2
4181 18
4181 31
4182 5
4183 12
4184 6
4185 23
4185 38
4186 35
4187 12
4188 5
4189 13
4190 17
4191 5
4192 1
4192 18
4192 31
4192 46
4192 89
4193 49
4194 10
4195 46
4196 51
4197 13
4198 47
4199 12
4200 15
4200 35
4200 41
4201 10
4202 14
4203 12
4203 15
4203 111
4204 46
4205 15
4205 38
4205 172
4206 10
4207 24
4208 10
4209 13
4210 10
4211 46
4212 12
4213 46
4214 10
4215 10
4215 11
4216 51
4217 46
4218 10
4219 4
4219 14
4220 12
4221 14
4222 29
4223 17
4224 46
4225 6
4226 12
4226 15
4227 12
4228 18
4229 10
4230 9
4231 46
4232 23
4233 10
4234 10
4235 62
4236 5
4237 13
4237 14
4238 14
4239 45
4239 46
4240 46
4241 10
4241 11
4242 10
4242 11
4243 23
4244 5
4245 17
4246 48
4247 10
4248 5
4249 4
4250 13
4250 14
4251 46
4252 12
4253 46
4254 35
4255 12
4256 10
4256 45
4256 46
4257 14
4257 54
4258 49
4259 12
4260 4
4260 15
4260 64
4260 138
4261 10
4262 17
4263 46
4264 12
4265 1
4265 18
4265 31
4265 46
4265 89
4266 10
4267 12
4268 10
4269 14
4270 15
4270 24
4271 13
4272 178
4272 179
4273 112
4274 10
4275 13
4275 14
4276 14
4276 54
4277 12
4278 12
4279 12
4280 12
4281 10
4281 97
4282 18
4283 10
4284 46
4285 45
4285 46
4286 8
4287 12
4288 6
4288 15
4288 93
4289 4
4290 4
4290 14
4291 14
4292 14
4292 18
4293 12
4294 13
4294 14
4295 46
4296 10
4297 46
4298 10
4299 13
4300 46
4301 12
4302 12
4303 10
4304 9
4305 15
4305 16
4305 18
4306 10
4306 11
4307 10
4308 4
4308 15
4308 24
4308 72
4309 14
4309 18
4310 13
4310 14
4311 10
4312 14
4312 54
4313 13
4313 14
4314 13
4314 14
4315 12
4316 10
4317 12
4318 14
4319 17
4319 136
4320 46
4321 13
4321 18
4322 8
4322 12
4323 15
4323 18
4323 21
4324 8
4324 12
4325 4
4325 18
4326 12
4327 18
4328 12
4329 4
4329 24
4330 1
4330 2
4330 15
4330 25
4330 60
4330 64
4331 22
4331 29
4331 88
4332 14
4332 18
4333 5
4334 6
4335 14
4336 18
4337 12
4338 10
4339 46
4340 1
4340 2
4340 17
4340 31
4341 46
4342 12
4343 13
4343 14
4344 6
4345 4
4346 12
4347 10
4348 5
4349 17
4350 12
4351 12
4352 24
4353 10
4353 11
4354 9
4355 12
4356 5
4356 22
4356 79
4357 46
4358 45
4358 46
4359 13
4359 48
4360 14
4360 17
4361 33
4362 22
4362 50
4363 5
4364 5
4365 17
4366 24
4367 13
4368 4
4369 15
4370 14
4370 54
4371 15
4371 21
4371 103
4372 46
4373 1
4373 18
4373 31
4373 46
4373 89
4374 10
4375 46
4376 17
4377 36
4378 15
4378 18
4378 21
4379 17
4379 48
4380 46
4381 18
4382 46
4383 45
4383 46
4384 29
4385 10
4385 14
4386 14
4387 5
4388 10
4389 10
4390 19
4391 10
4392 29
4393 10
4394 10
4394 45
4394 46
4394 51
4395 46
4396 1
4396 2
4396 13
4396 31
4396 46
4396 90
4397 13
4397 18
4397 51
4398 10
4399 10
4400 10
4401 5
4402 55
4402 62
4403 10
4404 4
4404 27
4405 47
4406 18
4407 8
4408 10
4408 14
4409 10
4410 4
4410 14
4411 4
4412 1
4412 2
4412 31
4412 42
4413 1
4413 2
4413 18
4413 43
4414 12
4415 17
4415 18
4416 22
4417 12
4418 10
4419 12
4420 46
4420 57
4420 65
4420 132
4421 13
4421 14
4422 35
4423 1
4423 2
4423 17
4423 31
4423 68
4423 69
4424 46
4425 10
4425 45
4425 46
4426 12
4427 12
4428 12
4429 47
4430 6
4430 17
4431 46
4432 10
4433 12
4434 4
4435 6
4436 12
4437 14
4438 46
4439 10
4440 13
4440 14
4440 48
4441 4
4441 14
4442 35
4443 80
4444 18
4445 18
4446 17
4447 12
4448 10
4448 11
4448 18
4449 12
4450 12
4451 4
4452 1
4452 31
4452 46
4452 89
4453 29
4454 4
4454 14
4455 29
4456 12
4457 52
4457 53
4457 57
4457 65
4457 100
4458 49
4459 5
4460 10
4461 10
4462 18
4463 10
4464 10
4464 14
4465 80
4466 1
4466 2
4466 17
4467 10
4468 46
4469 10
4470 12
4470 54
4471 46
4472 12
4473 45
4473 46
4474 14
4475 14
4476 22
4477 46
4478 1
4478 2
4478 43
4478 45
4478 46
4479 28
4479 29
4480 12
4481 46
4482 46
4483 10
4483 45
4483 46
4484 46
4485 13
4486 87
4487 12
4488 5
4489 52
4489 53
4490 22
4491 5
4492 13
4493 10
4494 5
4495 35
4496 17
4497 12
4498 12
4499 46
4500 10
4501 12
4501 14
4502 10
4503 13
4503 14
