1 1
2 0
3 0
4 0
5 2
6 3
7 0
8 4
9 5
10 6
11 7
12 0
13 8
14 0
15 9
16 0
17 10
18 11
19 0
20 0
21 0
22 12
23 13
24 0
25 0
26 0
27 0
28 14
29 15
30 16
31 17
32 18
33 19
34 0
35 20
36 21
37 22
38 0
39 0
40 23
41 24
42 0
43 25
44 26
45 27
46 28
47 0
48 0
49 29
50 30
51 31
52 32
53 0
54 0
55 0
56 0
57 33
58 0
59 0
60 34
61 35
62 36
63 37
64 38
65 39
66 40
67 0
68 0
69 0
70 0
71 41
72 42
73 0
74 0
75 43
76 44
77 45
78 46
79 0
80 47
81 0
82 48
83 0
84 49
85 0
86 50
87 51
88 52
89 53
90 54
91 55
92 56
93 0
94 0
95 0
96 57
97 0
98 58
99 59
100 60
101 61
102 62
103 63
104 64
105 0
106 0
107 65
108 0
109 0
110 0
111 0
112 0
113 0
114 0
115 0
116 0
117 0
118 0
119 66
120 0
121 67
122 68
123 69
124 0
125 0
126 0
127 0
128 0
129 0
130 0
131 0
132 0
133 0
134 0
135 0
136 0
137 70
138 71
139 72
140 0
141 0
142 73
143 0
144 74
145 0
146 75
147 76
148 0
149 77
150 0
151 0
152 0
153 0
154 78
155 79
156 80
157 0
158 0
159 0
160 0
161 81
162 0
163 0
164 0
165 82
166 83
167 84
168 85
169 0
170 0
171 0
172 0
173 86
174 87
175 88
176 0
177 0
178 0
179 0
180 0
181 0
182 89
183 0
184 0
185 90
186 0
187 91
188 0
189 92
190 0
191 0
192 0
193 93
194 0
195 0
196 94
197 0
198 95
199 96
200 0
201 97
202 98
203 99
204 0
205 100
206 0
207 101
208 0
209 102
210 103
211 104
212 105
213 106
214 107
215 108
216 109
217 110
218 111
219 112
220 0
221 0
222 113
223 114
224 115
225 116
226 117
227 118
228 0
229 0
230 119
231 120
232 0
233 121
234 122
235 0
236 123
237 124
238 125
239 126
240 127
241 0
242 128
243 129
244 130
245 0
246 0
247 0
248 131
249 132
250 0
251 0
252 0
253 133
254 134
255 0
256 135
257 136
258 0
259 137
260 138
261 0
262 0
263 139
264 140
265 141
266 142
267 0
268 143
269 0
270 144
271 145
272 146
273 147
274 148
275 149
276 150
277 151
278 152
279 153
280 0
281 0
282 0
283 154
284 155
285 156
286 157
287 0
288 0
289 0
290 158
291 0
292 0
293 0
294 159
295 0
296 0
297 160
298 0
299 136
300 0
301 0
302 161
303 0
304 162
305 0
306 163
307 164
308 0
309 0
310 0
311 0
312 165
313 166
314 0
315 167
316 168
317 0
318 0
319 0
320 169
321 170
322 171
323 164
324 0
325 172
326 0
327 0
328 173
329 174
330 175
331 176
332 177
333 0
334 0
335 178
336 179
337 0
338 180
339 0
340 181
341 0
342 0
343 0
344 0
345 0
346 0
347 0
348 182
349 183
350 184
351 185
352 186
353 187
354 0
355 188
356 0
357 189
358 0
359 190
360 191
361 0
362 0
363 0
364 192
365 0
366 193
367 194
368 0
369 195
370 0
371 0
372 0
373 0
374 196
375 197
376 198
377 0
378 199
379 200
380 201
381 0
382 0
383 202
384 203
385 0
386 204
387 205
388 206
389 0
390 207
391 208
392 209
393 0
394 210
395 0
396 211
397 212
398 213
399 214
400 215
401 0
402 216
403 0
404 217
405 218
406 219
407 220
408 221
409 222
410 223
411 134
412 0
413 224
414 0
415 225
416 226
417 227
418 228
419 229
420 230
421 231
422 232
423 0
424 233
425 234
426 235
427 236
428 0
429 0
430 0
431 0
432 0
433 0
434 0
435 237
436 0
437 0
438 0
439 0
440 0
441 0
442 0
443 0
444 0
445 0
446 0
447 0
448 0
449 0
450 238
451 239
452 0
453 0
454 240
455 241
456 0
457 242
458 0
459 243
460 0
461 0
462 0
463 0
464 244
465 245
466 246
467 247
468 0
469 248
470 249
471 0
472 250
473 251
474 252
475 0
476 0
477 253
478 254
479 0
480 255
481 0
482 256
483 257
484 0
485 258
486 259
487 0
488 260
489 261
490 262
491 263
492 264
493 265
494 0
495 266
496 267
497 268
498 269
499 0
500 270
501 271
502 272
503 0
504 273
505 274
506 275
507 276
508 277
509 0
510 0
511 0
512 0
513 0
514 0
515 278
516 0
517 0
518 0
519 0
520 279
521 280
522 0
523 281
524 0
525 0
526 282
527 0
528 0
529 283
530 284
531 0
532 285
533 286
534 287
535 0
536 288
537 289
538 290
539 0
540 0
541 0
542 0
543 291
544 292
545 0
546 293
547 294
548 0
549 295
550 0
551 296
552 297
553 0
554 298
555 299
556 0
557 237
558 0
559 0
560 300
561 301
562 302
563 303
564 304
565 0
566 305
567 306
568 307
569 0
570 0
571 0
572 308
573 309
574 0
575 0
576 0
577 310
578 311
579 312
580 313
581 0
582 0
583 0
584 314
585 315
586 316
587 317
588 318
589 319
590 0
591 320
592 321
593 322
594 323
595 324
596 0
597 325
598 326
599 327
600 0
601 0
602 328
603 0
604 0
605 0
606 329
607 0
608 330
609 0
610 331
611 0
612 0
613 0
614 332
615 0
616 0
617 333
618 0
619 0
620 0
621 334
622 0
623 0
624 0
625 0
626 335
627 336
628 337
629 0
630 338
631 0
632 339
633 340
634 0
635 341
636 342
637 0
638 343
639 344
640 345
641 346
642 347
643 348
644 349
645 350
646 351
647 352
648 353
649 0
650 0
651 0
652 354
653 0
654 0
655 0
656 237
657 0
658 0
659 0
660 0
661 0
662 355
663 0
664 0
665 0
666 0
667 356
668 357
669 358
670 0
671 0
672 0
673 359
674 0
675 360
676 361
677 362
678 0
679 363
680 0
681 364
682 169
683 365
684 0
685 0
686 0
687 0
688 0
689 366
690 367
691 368
692 0
693 0
694 369
695 370
696 0
697 0
698 0
699 371
700 372
701 373
702 374
703 375
704 376
705 377
706 378
707 379
708 380
709 381
710 382
711 383
712 384
713 385
714 386
715 387
716 0
717 199
718 388
719 389
720 0
721 390
722 0
723 0
724 0
725 0
726 62
727 391
728 0
729 392
730 393
731 394
732 0
733 0
734 0
735 395
736 396
737 0
738 0
739 397
740 0
741 398
742 0
743 0
744 0
745 399
746 400
747 401
748 0
749 0
750 0
751 0
752 0
753 0
754 402
755 403
756 5
757 404
758 405
759 406
760 407
761 408
762 0
763 0
764 0
765 409
766 410
767 411
768 0
769 412
770 0
771 0
772 237
773 0
774 413
775 414
776 0
777 0
778 0
779 0
780 415
781 416
782 0
783 417
784 418
785 0
786 0
787 0
788 419
789 0
790 420
791 421
792 0
793 0
794 388
795 0
796 422
797 423
798 424
799 0
800 0
801 0
802 0
803 425
804 0
805 0
806 0
807 0
808 62
809 0
810 0
811 0
812 0
813 426
814 0
815 0
816 0
817 0
818 427
819 428
820 0
821 429
822 430
823 431
824 432
825 433
826 62
827 434
828 435
829 0
830 436
831 437
832 0
833 438
834 439
835 440
836 0
837 441
838 0
839 442
840 443
841 444
842 445
843 446
844 447
845 448
846 449
847 0
848 450
849 0
850 451
851 452
852 453
853 454
854 455
855 456
856 457
857 458
858 459
859 0
860 0
861 460
862 461
863 462
864 0
865 0
866 463
867 464
868 465
869 466
870 0
871 0
872 467
873 468
874 469
875 0
876 470
877 471
878 0
879 472
880 473
881 474
882 0
883 0
884 234
885 475
886 0
887 0
888 476
889 477
890 0
891 478
892 0
893 479
894 480
895 0
896 481
897 0
898 0
899 482
900 0
901 483
902 0
903 484
904 485
905 0
906 0
907 486
908 0
909 0
910 487
911 488
912 0
913 489
914 490
915 491
916 492
917 493
918 494
919 495
920 496
921 497
922 0
923 498
924 499
925 0
926 500
927 0
928 501
929 502
930 0
931 503
932 504
933 505
934 0
935 506
936 0
937 507
938 0
939 508
940 509
941 510
942 0
943 0
944 0
945 511
946 512
947 513
948 514
949 515
950 516
951 517
952 0
953 518
954 519
955 520
956 521
957 522
958 0
959 523
960 524
961 525
962 0
963 526
964 527
965 0
966 528
967 529
968 112
969 0
970 530
971 531
972 532
973 533
974 534
975 535
976 536
977 537
978 0
979 0
980 0
981 0
982 0
983 0
984 0
985 0
986 0
987 538
988 0
989 539
990 540
991 541
992 542
993 543
994 544
995 0
996 0
997 0
998 0
999 0
1000 339
1001 0
1002 545
1003 546
1004 0
1005 0
1006 547
1007 0
1008 0
1009 548
1010 549
1011 550
1012 0
1013 551
1014 0
1015 0
1016 552
1017 553
1018 554
1019 555
1020 0
1021 556
1022 234
1023 0
1024 0
1025 0
1026 557
1027 0
1028 558
1029 0
1030 559
1031 560
1032 0
1033 0
1034 0
1035 0
1036 0
1037 0
1038 561
1039 0
1040 562
1041 563
1042 564
1043 565
1044 0
1045 566
1046 567
1047 568
1048 0
1049 569
1050 570
1051 0
1052 0
1053 571
1054 572
1055 0
1056 573
1057 574
1058 575
1059 0
1060 576
1061 577
1062 0
1063 578
1064 579
1065 146
1066 580
1067 581
1068 582
1069 583
1070 434
1071 584
1072 585
1073 586
1074 587
1075 588
1076 589
1077 590
1078 591
1079 592
1080 593
1081 0
1082 594
1083 595
1084 596
1085 597
1086 598
1087 599
1088 0
1089 0
1090 0
1091 0
1092 0
1093 0
1094 0
1095 0
1096 169
1097 0
1098 600
1099 601
1100 0
1101 0
1102 0
1103 0
1104 0
1105 0
1106 0
1107 0
1108 0
1109 0
1110 0
1111 0
1112 0
1113 0
1114 602
1115 603
1116 604
1117 0
1118 605
1119 606
1120 607
1121 608
1122 609
1123 0
1124 0
1125 610
1126 0
1127 0
1128 611
1129 612
1130 613
1131 614
1132 615
1133 0
1134 112
1135 0
1136 616
1137 617
1138 618
1139 619
1140 620
1141 0
1142 621
1143 0
1144 622
1145 0
1146 0
1147 623
1148 0
1149 624
1150 0
1151 625
1152 626
1153 627
1154 628
1155 629
1156 630
1157 631
1158 632
1159 633
1160 0
1161 0
1162 634
1163 0
1164 635
1165 0
1166 0
1167 0
1168 0
1169 636
1170 0
1171 637
1172 638
1173 639
1174 640
1175 0
1176 641
1177 642
1178 0
1179 0
1180 0
1181 643
1182 644
1183 645
1184 646
1185 0
1186 0
1187 647
1188 648
1189 0
1190 649
1191 0
1192 0
1193 530
1194 650
1195 651
1196 652
1197 653
1198 654
1199 655
1200 656
1201 657
1202 0
1203 0
1204 0
1205 0
1206 0
1207 0
1208 658
1209 659
1210 0
1211 660
1212 661
1213 0
1214 662
1215 0
1216 0
1217 0
1218 663
1219 664
1220 665
1221 0
1222 0
1223 666
1224 667
1225 668
1226 669
1227 670
1228 671
1229 672
1230 0
1231 673
1232 674
1233 675
1234 676
1235 677
1236 678
1237 679
1238 680
1239 681
1240 234
1241 682
1242 0
1243 683
1244 684
1245 685
1246 0
1247 0
1248 686
1249 0
1250 0
1251 0
1252 687
1253 0
1254 0
1255 688
1256 689
1257 690
1258 691
1259 692
1260 693
1261 694
1262 0
1263 695
1264 696
1265 0
1266 0
1267 697
1268 0
1269 698
1270 0
1271 0
1272 699
1273 0
1274 0
1275 700
1276 701
1277 702
1278 0
1279 0
1280 0
1281 0
1282 703
1283 704
1284 0
1285 705
1286 0
1287 0
1288 706
1289 707
1290 708
1291 709
1292 0
1293 710
1294 711
1295 711
1296 0
1297 712
1298 713
1299 0
1300 0
1301 0
1302 0
1303 714
1304 715
1305 0
1306 716
1307 717
1308 718
1309 0
1310 0
1311 0
1312 719
1313 720
1314 721
1315 0
1316 722
1317 723
1318 0
1319 0
1320 0
1321 724
1322 725
1323 726
1324 727
1325 728
1326 0
1327 729
1328 730
1329 731
1330 732
1331 0
1332 0
1333 0
1334 733
1335 0
1336 734
1337 735
1338 0
1339 0
1340 736
1341 737
1342 738
1343 739
1344 740
1345 0
1346 741
1347 742
1348 743
1349 0
1350 0
1351 744
1352 745
1353 746
1354 0
1355 747
1356 748
1357 0
1358 0
1359 0
1360 749
1361 0
1362 88
1363 750
1364 562
1365 0
1366 751
1367 752
1368 753
1369 754
1370 0
1371 755
1372 0
1373 756
1374 757
1375 758
1376 0
1377 759
1378 760
1379 0
1380 761
1381 762
1382 0
1383 0
1384 763
1385 0
1386 764
1387 0
1388 765
1389 0
1390 766
1391 0
1392 767
1393 768
1394 769
1395 0
1396 0
1397 770
1398 0
1399 0
1400 771
1401 772
1402 773
1403 0
1404 774
1405 775
1406 776
1407 777
1408 778
1409 779
1410 780
1411 781
1412 782
1413 783
1414 0
1415 784
1416 0
1417 0
1418 0
1419 785
1420 786
1421 787
1422 0
1423 788
1424 789
1425 790
1426 791
1427 0
1428 0
1429 792
1430 793
1431 794
1432 795
1433 796
1434 797
1435 798
1436 0
1437 799
1438 0
1439 800
1440 801
1441 802
1442 803
1443 804
1444 805
1445 0
1446 0
1447 806
1448 0
1449 807
1450 0
1451 0
1452 0
1453 808
1454 0
1455 0
1456 809
1457 810
1458 0
1459 811
1460 0
1461 812
1462 0
1463 0
1464 0
1465 0
1466 813
1467 0
1468 0
1469 0
1470 0
1471 0
1472 0
1473 0
1474 814
1475 815
1476 0
1477 0
1478 0
1479 0
1480 0
1481 0
1482 816
1483 0
1484 0
1485 0
1486 0
1487 0
1488 0
1489 0
1490 0
1491 0
1492 0
1493 817
1494 818
1495 0
1496 0
1497 819
1498 0
1499 820
1500 95
1501 821
1502 822
1503 823
1504 824
1505 825
1506 0
1507 826
1508 827
1509 828
1510 829
1511 0
1512 0
1513 0
1514 830
1515 831
1516 0
1517 0
1518 0
1519 0
1520 832
1521 0
1522 833
1523 834
1524 0
1525 0
1526 0
1527 0
1528 835
1529 0
1530 0
1531 0
1532 0
1533 836
1534 837
1535 0
1536 0
1537 0
1538 838
1539 839
1540 0
1541 0
1542 0
1543 0
1544 369
1545 0
1546 0
1547 0
1548 840
1549 841
1550 842
1551 843
1552 844
1553 727
1554 0
1555 845
1556 846
1557 847
1558 0
1559 0
1560 848
1561 849
1562 0
1563 850
1564 851
1565 0
1566 0
1567 852
1568 853
1569 0
1570 0
1571 0
1572 0
1573 854
1574 0
1575 0
1576 855
1577 779
1578 856
1579 0
1580 0
1581 857
1582 0
1583 858
1584 859
1585 0
1586 860
1587 0
1588 0
1589 0
1590 860
1591 0
1592 861
1593 0
1594 862
1595 863
1596 864
1597 865
1598 866
1599 0
1600 867
1601 0
1602 0
1603 868
1604 0
1605 0
1606 869
1607 870
1608 0
1609 871
1610 872
1611 873
1612 874
1613 875
1614 876
1615 877
1616 878
1617 0
1618 879
1619 880
1620 0
1621 0
1622 0
1623 881
1624 882
1625 883
1626 884
1627 885
1628 886
1629 887
1630 888
1631 889
1632 890
1633 0
1634 0
1635 0
1636 891
1637 892
1638 0
1639 893
1640 894
1641 895
1642 896
1643 897
1644 898
1645 899
1646 900
1647 901
1648 902
1649 903
1650 904
1651 905
1652 906
1653 907
1654 908
1655 909
1656 583
1657 910
1658 911
1659 912
1660 913
1661 914
1662 915
1663 916
1664 917
1665 918
1666 919
1667 920
1668 921
1669 922
1670 0
1671 923
1672 924
1673 925
1674 926
1675 927
1676 928
1677 929
1678 930
1679 931
1680 932
1681 933
1682 934
1683 0
1684 935
1685 0
1686 936
1687 937
1688 938
1689 939
1690 940
1691 941
1692 621
1693 62
1694 942
1695 943
1696 944
1697 0
1698 945
1699 946
1700 947
1701 948
1702 0
1703 0
1704 0
1705 949
1706 950
1707 951
1708 0
1709 952
1710 953
1711 954
1712 0
1713 955
1714 956
1715 957
1716 958
1717 959
1718 723
1719 960
1720 0
1721 0
1722 961
1723 0
1724 0
1725 962
1726 0
1727 963
1728 964
1729 965
1730 966
1731 0
1732 169
1733 967
1734 968
1735 0
1736 969
1737 970
1738 971
1739 972
1740 0
1741 0
1742 973
1743 974
1744 0
1745 0
1746 975
1747 976
1748 977
1749 978
1750 0
1751 979
1752 0
1753 980
1754 0
1755 0
1756 0
1757 981
1758 982
1759 983
1760 984
1761 0
1762 985
1763 0
1764 0
1765 0
1766 0
1767 0
1768 0
1769 0
1770 0
1771 0
1772 0
1773 0
1774 0
1775 0
1776 0
1777 0
1778 0
1779 0
1780 0
1781 0
1782 986
1783 0
1784 0
1785 0
1786 0
1787 0
1788 0
1789 0
1790 987
1791 0
1792 0
1793 0
1794 0
1795 0
1796 0
1797 988
1798 989
1799 990
1800 991
1801 0
1802 0
1803 992
1804 0
1805 0
1806 993
1807 994
1808 995
1809 996
1810 997
1811 998
1812 999
1813 0
1814 0
1815 1000
1816 0
1817 0
1818 0
1819 1001
1820 1002
1821 0
1822 0
1823 1003
1824 0
1825 1001
1826 1004
1827 0
1828 0
1829 0
1830 0
1831 0
1832 0
1833 0
1834 1005
1835 0
1836 0
1837 0
1838 0
1839 779
1840 0
1841 0
1842 0
1843 0
1844 0
1845 0
1846 0
1847 0
1848 0
1849 0
1850 1006
1851 0
1852 0
1853 1007
1854 1008
1855 1009
1856 1010
1857 0
1858 1011
1859 1012
1860 0
1861 1013
1862 0
1863 1014
1864 1015
1865 0
1866 1016
1867 1017
1868 1018
1869 539
1870 0
1871 0
1872 1019
1873 0
1874 1020
1875 1021
1876 1022
1877 1023
1878 1024
1879 1025
1880 1026
1881 0
1882 0
1883 1027
1884 0
1885 169
1886 0
1887 1028
1888 169
1889 0
1890 0
1891 1029
1892 1030
1893 0
1894 1031
1895 0
1896 0
1897 0
1898 1032
1899 1033
1900 0
1901 0
1902 0
1903 0
1904 1034
1905 1035
1906 1036
1907 0
1908 0
1909 1037
1910 0
1911 0
1912 0
1913 0
1914 0
1915 871
1916 1038
1917 0
1918 1039
1919 0
1920 0
1921 0
1922 1040
1923 1041
1924 0
1925 1042
1926 0
1927 1043
1928 0
1929 1044
1930 1045
1931 1046
1932 0
1933 1047
1934 1048
1935 1049
1936 0
1937 1050
1938 1051
1939 1052
1940 0
1941 1053
1942 0
1943 1054
1944 1055
1945 1056
1946 0
1947 1057
1948 0
1949 1058
1950 1059
1951 0
1952 0
1953 0
1954 0
1955 0
1956 1060
1957 0
1958 1061
1959 1062
1960 1063
1961 1064
1962 1065
1963 337
1964 1066
1965 0
1966 0
1967 1067
1968 0
1969 1068
1970 1069
1971 0
1972 0
1973 0
1974 1070
1975 1071
1976 0
1977 0
1978 1072
1979 0
1980 1073
1981 1074
1982 0
1983 0
1984 1075
1985 0
1986 0
1987 1076
1988 0
1989 1077
1990 1078
1991 0
1992 0
1993 0
1994 1079
1995 1080
1996 0
1997 0
1998 0
1999 1081
2000 0
2001 1082
2002 1083
2003 1084
2004 0
2005 0
2006 1085
2007 0
2008 1086
2009 0
2010 1087
2011 1088
2012 1089
2013 0
2014 0
2015 1090
2016 1091
2017 0
2018 1092
2019 0
2020 0
2021 0
2022 1093
2023 1094
2024 0
2025 1095
2026 1096
2027 62
2028 0
2029 0
2030 0
2031 0
2032 0
2033 0
2034 0
2035 1097
2036 0
2037 0
2038 0
2039 0
2040 0
2041 1098
2042 1099
2043 0
2044 0
2045 1100
2046 0
2047 0
2048 0
2049 0
2050 1101
2051 0
2052 0
2053 0
2054 0
2055 0
2056 169
2057 1102
2058 169
2059 0
2060 169
2061 169
2062 169
2063 0
2064 1103
2065 0
2066 0
2067 1001
2068 1104
2069 0
2070 1105
2071 1106
2072 1107
2073 0
2074 0
2075 0
2076 1108
2077 1109
2078 1110
2079 1111
2080 1112
2081 1113
2082 0
2083 1114
2084 0
2085 1115
2086 1116
2087 1117
2088 1118
2089 1119
2090 1120
2091 1121
2092 1122
2093 1123
2094 1124
2095 1125
2096 1126
2097 1127
2098 1128
2099 1129
2100 1130
2101 1131
2102 1132
2103 1133
2104 1134
2105 1135
2106 1136
2107 0
2108 0
2109 582
2110 1137
2111 1138
2112 1139
2113 1140
2114 1141
2115 0
2116 1142
2117 0
2118 1143
2119 1144
2120 0
2121 0
2122 0
2123 0
2124 0
2125 1145
2126 0
2127 0
2128 0
2129 0
2130 0
2131 0
2132 0
2133 0
2134 0
2135 0
2136 1146
2137 1147
2138 1148
2139 1149
2140 0
2141 0
2142 0
2143 934
2144 0
2145 1150
2146 0
2147 1151
2148 1152
2149 0
2150 1153
2151 0
2152 1154
2153 0
2154 0
2155 0
2156 1155
2157 0
2158 0
2159 1156
2160 0
2161 0
2162 0
2163 0
2164 0
2165 0
2166 0
2167 1157
2168 169
2169 0
2170 1158
2171 1159
2172 1160
2173 0
2174 0
2175 0
2176 1161
2177 1162
2178 0
2179 0
2180 1163
2181 1164
2182 1165
2183 1166
2184 0
2185 0
2186 0
2187 0
2188 0
2189 1167
2190 1168
2191 0
2192 0
2193 0
2194 1169
2195 0
2196 1170
2197 98
2198 0
2199 0
2200 1171
2201 0
2202 1172
2203 0
2204 1173
2205 1174
2206 0
2207 1175
2208 0
2209 1176
2210 0
2211 0
2212 0
2213 1177
2214 0
2215 0
2216 0
2217 0
2218 1178
2219 0
2220 0
2221 0
2222 0
2223 0
2224 0
2225 0
2226 0
2227 0
2228 1179
2229 0
2230 1180
2231 0
2232 0
2233 0
2234 0
2235 1181
2236 0
2237 0
2238 0
2239 0
2240 0
2241 0
2242 0
2243 1182
2244 0
2245 0
2246 1183
2247 1184
2248 1185
2249 0
2250 1186
2251 0
2252 0
2253 0
2254 0
2255 0
2256 0
2257 0
2258 1187
2259 0
2260 0
2261 0
2262 0
2263 0
2264 0
2265 0
2266 0
2267 0
2268 0
2269 0
2270 0
2271 0
2272 0
2273 1188
2274 1189
2275 0
2276 0
2277 0
2278 1190
2279 0
2280 0
2281 0
2282 0
2283 0
2284 0
2285 0
2286 0
2287 1183
2288 0
2289 0
2290 0
2291 0
2292 0
2293 0
2294 1102
2295 0
2296 0
2297 0
2298 1191
2299 1192
2300 0
2301 0
2302 0
2303 0
2304 0
2305 0
2306 0
2307 0
2308 0
2309 0
2310 0
2311 0
2312 0
2313 0
2314 0
2315 0
2316 0
2317 1193
2318 0
2319 0
2320 1194
2321 0
2322 0
2323 0
2324 1195
2325 184
2326 1196
2327 1197
2328 1198
2329 1199
2330 1200
2331 1201
2332 0
2333 641
2334 25
2335 1202
2336 1203
2337 0
2338 0
2339 1204
2340 0
2341 0
2342 831
2343 1205
2344 1206
2345 0
2346 0
2347 0
2348 0
2349 0
2350 0
2351 730
2352 0
2353 1207
2354 0
2355 0
2356 0
2357 1208
2358 0
2359 1209
2360 1210
2361 1211
2362 1212
2363 0
2364 1213
2365 1214
2366 1215
2367 0
2368 0
2369 0
2370 0
2371 1216
2372 0
2373 1217
2374 0
2375 0
2376 0
2377 1218
2378 1219
2379 0
2380 1220
2381 1221
2382 0
2383 0
2384 1222
2385 1223
2386 1224
2387 0
2388 1225
2389 1226
2390 1227
2391 1228
2392 0
2393 1229
2394 1230
2395 0
2396 1231
2397 1232
2398 0
2399 1233
2400 1234
2401 1235
2402 1236
2403 1237
2404 1238
2405 1239
2406 1240
2407 0
2408 1241
2409 1242
2410 1243
2411 1244
2412 1245
2413 0
2414 0
2415 0
2416 1246
2417 0
2418 0
2419 1229
2420 0
2421 1247
2422 1248
2423 1249
2424 1250
2425 1251
2426 1252
2427 1253
2428 0
2429 1254
2430 0
2431 0
2432 1255
2433 0
2434 1256
2435 1257
2436 0
2437 1258
2438 601
2439 638
2440 1259
2441 1260
2442 1261
2443 0
2444 1262
2445 0
2446 0
2447 0
2448 1263
2449 1264
2450 0
2451 1265
2452 1266
2453 1267
2454 1268
2455 1269
2456 0
2457 0
2458 0
2459 0
2460 1270
2461 1271
2462 0
2463 1272
2464 1273
2465 1274
2466 1275
2467 1276
2468 1277
2469 1278
2470 1229
2471 1279
2472 1280
2473 0
2474 1281
2475 0
2476 1282
2477 1283
2478 1284
2479 1285
2480 0
2481 1286
2482 0
2483 1287
2484 1288
2485 1289
2486 1290
2487 1291
2488 1292
2489 1293
2490 0
2491 1294
2492 1295
2493 1296
2494 1297
2495 0
2496 1298
2497 1299
2498 1300
2499 0
2500 1301
2501 1302
2502 1303
2503 500
2504 0
2505 1304
2506 1305
2507 0
2508 1306
2509 0
2510 1307
2511 1308
2512 0
2513 1309
2514 1310
2515 1311
2516 0
2517 96
2518 1312
2519 0
2520 0
2521 1313
2522 0
2523 0
2524 1217
2525 0
2526 0
2527 1314
2528 1315
2529 0
2530 1316
2531 0
2532 1317
2533 0
2534 1318
2535 1319
2536 0
2537 731
2538 0
2539 1320
2540 1321
2541 1322
2542 0
2543 1323
2544 1324
2545 1325
2546 0
2547 1326
2548 1327
2549 1328
2550 1329
2551 0
2552 1330
2553 1331
2554 0
2555 0
2556 1332
2557 1333
2558 1334
2559 0
2560 1335
2561 0
2562 1336
2563 1337
2564 1338
2565 1339
2566 1340
2567 1341
2568 1342
2569 1343
2570 1344
2571 1345
2572 0
2573 0
2574 1346
2575 0
2576 1347
2577 1348
2578 1349
2579 1350
2580 1351
2581 1352
2582 1353
2583 1354
2584 1355
2585 1356
2586 0
2587 0
2588 0
2589 1357
2590 1358
2591 1229
2592 1359
2593 1360
2594 1361
2595 1362
2596 1363
2597 1364
2598 0
2599 0
2600 0
2601 0
2602 0
2603 1365
2604 1366
2605 601
2606 1367
2607 0
2608 1368
2609 647
2610 0
2611 1369
2612 0
2613 1370
2614 0
2615 0
2616 49
2617 1371
2618 1372
2619 1373
2620 1374
2621 1375
2622 1376
2623 1377
2624 0
2625 0
2626 1378
2627 1379
2628 1380
2629 1381
2630 0
2631 785
2632 0
2633 1382
2634 0
2635 1043
2636 0
2637 1383
2638 0
2639 1384
2640 1385
2641 1386
2642 0
2643 0
2644 0
2645 0
2646 1387
2647 0
2648 1388
2649 0
2650 1389
2651 0
2652 0
2653 0
2654 0
2655 0
2656 1390
2657 0
2658 1391
2659 0
2660 1392
2661 0
2662 0
2663 1393
2664 0
2665 1394
2666 1395
2667 169
2668 1396
2669 1397
2670 1398
2671 1399
2672 1400
2673 1401
2674 1402
2675 1403
2676 1404
2677 1405
2678 1406
2679 1407
2680 1408
2681 1409
2682 1410
2683 1411
2684 0
2685 0
2686 0
2687 49
2688 1412
2689 1413
2690 1414
2691 1415
2692 1416
2693 1417
2694 0
2695 1418
2696 1419
2697 1420
2698 1421
2699 1422
2700 0
2701 1423
2702 1424
2703 0
2704 1425
2705 1426
2706 1427
2707 1428
2708 1429
2709 0
2710 1430
2711 1431
2712 1432
2713 1433
2714 1434
2715 1435
2716 1436
2717 1437
2718 1438
2719 0
2720 1439
2721 0
2722 0
2723 1440
2724 0
2725 49
2726 1441
2727 1366
2728 1442
2729 1443
2730 1444
2731 1445
2732 0
2733 1446
2734 1447
2735 0
2736 1448
2737 0
2738 0
2739 0
2740 1449
2741 1450
2742 1451
2743 0
2744 1452
2745 1453
2746 1454
2747 1455
2748 1456
2749 1457
2750 1458
2751 0
2752 1459
2753 0
2754 0
2755 1460
2756 1461
2757 1462
2758 0
2759 1463
2760 1464
2761 1465
2762 1466
2763 0
2764 1467
2765 1468
2766 1469
2767 1470
2768 0
2769 0
2770 0
2771 0
2772 1471
2773 0
2774 0
2775 1472
2776 1473
2777 1474
2778 0
2779 1475
2780 1476
2781 1477
2782 1478
2783 1479
2784 1480
2785 1481
2786 1482
2787 0
2788 1483
2789 1484
2790 1485
2791 1486
2792 1487
2793 1488
2794 1489
2795 0
2796 1490
2797 1491
2798 1492
2799 1493
2800 1494
2801 1495
2802 0
2803 1496
2804 1497
2805 1498
2806 1499
2807 0
2808 1500
2809 0
2810 1501
2811 1502
2812 0
2813 1503
2814 0
2815 1504
2816 0
2817 1505
2818 1506
2819 0
2820 655
2821 1507
2822 0
2823 1508
2824 0
2825 1509
2826 0
2827 1510
2828 0
2829 638
2830 1511
2831 0
2832 0
2833 1512
2834 1513
2835 1514
2836 1515
2837 0
2838 25
2839 0
2840 222
2841 0
2842 1516
2843 1517
2844 1518
2845 1519
2846 1520
2847 1521
2848 0
2849 1522
2850 1329
2851 1523
2852 1524
2853 1525
2854 0
2855 1526
2856 1527
2857 0
2858 0
2859 1528
2860 1529
2861 0
2862 0
2863 1530
2864 1531
2865 1532
2866 0
2867 0
2868 0
2869 1533
2870 1534
2871 0
2872 1535
2873 1536
2874 1537
2875 1538
2876 1539
2877 1540
2878 0
2879 1541
2880 1542
2881 1543
2882 1544
2883 1545
2884 1546
2885 1547
2886 1548
2887 1549
2888 1550
2889 1551
2890 1552
2891 1553
2892 1554
2893 1555
2894 0
2895 1556
2896 1557
2897 1558
2898 0
2899 1559
2900 1560
2901 0
2902 1561
2903 1033
2904 1562
2905 0
2906 0
2907 1563
2908 0
2909 0
2910 0
2911 0
2912 1564
2913 987
2914 1565
2915 1566
2916 1567
2917 1568
2918 1569
2919 1229
2920 1570
2921 0
2922 1571
2923 0
2924 0
2925 0
2926 0
2927 1572
2928 0
2929 1573
2930 0
2931 0
2932 0
2933 1574
2934 1575
2935 1576
2936 1577
2937 1578
2938 1579
2939 1580
2940 1581
2941 1582
2942 0
2943 1583
2944 1584
2945 0
2946 1585
2947 0
2948 0
2949 1586
2950 0
2951 0
2952 1587
2953 1588
2954 0
2955 0
2956 1497
2957 1589
2958 1590
2959 1591
2960 1592
2961 0
2962 1593
2963 0
2964 1594
2965 1595
2966 1596
2967 1597
2968 1598
2969 1599
2970 1600
2971 0
2972 1601
2973 1602
2974 1603
2975 0
2976 0
2977 1604
2978 0
2979 1605
2980 1606
2981 655
2982 1607
2983 0
2984 1608
2985 0
2986 0
2987 0
2988 1609
2989 0
2990 1610
2991 1611
2992 1612
2993 1504
2994 0
2995 1613
2996 731
2997 0
2998 1614
2999 0
3000 1615
3001 1616
3002 1617
3003 0
3004 0
3005 1618
3006 1619
3007 1620
3008 1621
3009 1622
3010 1623
3011 1624
3012 1625
3013 1626
3014 0
3015 0
3016 0
3017 1627
3018 0
3019 0
3020 1628
3021 1629
3022 1630
3023 1631
3024 1632
3025 1633
3026 1634
3027 1635
3028 1636
3029 1207
3030 1637
3031 1638
3032 0
3033 0
3034 1639
3035 1640
3036 1510
3037 1641
3038 0
3039 1642
3040 1643
3041 1644
3042 0
3043 1645
3044 1646
3045 1647
3046 1648
3047 1649
3048 0
3049 731
3050 0
3051 1650
3052 1651
3053 1652
3054 1653
3055 1654
3056 1655
3057 1656
3058 1657
3059 365
3060 1658
3061 1659
3062 1660
3063 1661
3064 1662
3065 1663
3066 1664
3067 0
3068 1665
3069 0
3070 1666
3071 1667
3072 1668
3073 1669
3074 1670
3075 1671
3076 0
3077 1672
3078 1673
3079 1674
3080 1675
3081 1676
3082 1677
3083 1678
3084 1679
3085 1680
3086 0
3087 1681
3088 0
3089 1682
3090 1683
3091 1684
3092 1685
3093 1686
3094 1687
3095 1688
3096 1689
3097 1690
3098 0
3099 1691
3100 1692
3101 1693
3102 1694
3103 0
3104 0
3105 234
3106 1695
3107 0
3108 1696
3109 1697
3110 1698
3111 1699
3112 1700
3113 1701
3114 1702
3115 1703
3116 0
3117 1704
3118 1705
3119 0
3120 1342
3121 1706
3122 1707
3123 0
3124 1708
3125 0
3126 1709
3127 1710
3128 0
3129 1711
3130 1712
3131 1713
3132 1714
3133 1715
3134 1716
3135 1717
3136 1718
3137 0
3138 1719
3139 1720
3140 1721
3141 0
3142 1722
3143 1723
3144 0
3145 1724
3146 1725
3147 0
3148 0
3149 0
3150 1726
3151 1727
3152 1728
3153 1729
3154 0
3155 1730
3156 1731
3157 1732
3158 1733
3159 1734
3160 1735
3161 0
3162 1736
3163 1737
3164 1738
3165 0
3166 0
3167 0
3168 1739
3169 1740
3170 1741
3171 1742
3172 1743
3173 0
3174 0
3175 1744
3176 62
3177 1745
3178 0
3179 1387
3180 1746
3181 1747
3182 1748
3183 1749
3184 0
3185 1750
3186 1751
3187 1752
3188 1753
3189 0
3190 1754
3191 1755
3192 1756
3193 0
3194 0
3195 0
3196 0
3197 1757
3198 1758
3199 1759
3200 0
3201 1760
3202 1761
3203 1762
3204 1763
3205 1764
3206 1765
3207 1766
3208 1767
3209 1768
3210 0
3211 1769
3212 1770
3213 1771
3214 0
3215 1772
3216 0
3217 0
3218 1773
3219 1774
3220 1775
3221 1776
3222 0
3223 1777
3224 1778
3225 0
3226 0
3227 0
3228 1779
3229 0
3230 1780
3231 1781
3232 1782
3233 0
3234 1783
3235 1784
3236 0
3237 1785
3238 0
3239 1786
3240 641
3241 0
3242 1787
3243 812
3244 0
3245 1788
3246 0
3247 0
3248 1789
3249 0
3250 1790
3251 1791
3252 1792
3253 0
3254 975
3255 0
3256 1793
3257 0
3258 0
3259 0
3260 1794
3261 1795
3262 1796
3263 1797
3264 0
3265 1798
3266 0
3267 1799
3268 0
3269 988
3270 0
3271 1800
3272 0
3273 1801
3274 0
3275 0
3276 0
3277 0
3278 1802
3279 1803
3280 1804
3281 0
3282 0
3283 0
3284 1805
3285 1806
3286 0
3287 1807
3288 1808
3289 0
3290 1809
3291 0
3292 1810
3293 0
3294 1811
3295 0
3296 1812
3297 1555
3298 0
3299 1813
3300 840
3301 0
3302 1814
3303 0
3304 0
3305 0
3306 0
3307 0
3308 0
3309 25
3310 1815
3311 0
3312 0
3313 0
3314 1816
3315 1817
3316 1818
3317 0
3318 1819
3319 1820
3320 0
3321 0
3322 0
3323 0
3324 1435
3325 0
3326 0
3327 0
3328 0
3329 0
3330 1821
3331 1822
3332 0
3333 0
3334 0
3335 1823
3336 1479
3337 770
3338 0
3339 1824
3340 1825
3341 0
3342 0
3343 1826
3344 1827
3345 1828
3346 0
3347 0
3348 0
3349 1829
3350 1177
3351 1830
3352 1831
3353 0
3354 1832
3355 0
3356 1833
3357 770
3358 0
3359 0
3360 0
3361 1834
3362 1835
3363 1836
3364 0
3365 0
3366 1837
3367 0
3368 1838
3369 1839
3370 1031
3371 1840
3372 0
3373 1841
3374 1842
3375 0
3376 1843
3377 0
3378 1844
3379 0
3380 0
3381 0
3382 1845
3383 0
3384 0
3385 0
3386 0
3387 0
3388 0
3389 0
3390 0
3391 0
3392 0
3393 0
3394 1846
3395 0
3396 0
3397 1161
3398 1285
3399 0
3400 0
3401 0
3402 0
3403 0
3404 1847
3405 0
3406 1848
3407 1849
3408 0
3409 0
3410 0
3411 0
3412 0
3413 0
3414 1850
3415 1851
3416 0
3417 1852
3418 0
3419 1853
3420 0
3421 1854
3422 1855
3423 1856
3424 0
3425 0
3426 0
3427 0
3428 0
3429 1857
3430 0
3431 0
3432 1858
3433 0
3434 1859
3435 0
3436 0
3437 1860
3438 0
3439 0
3440 1861
3441 1862
3442 1863
3443 1864
3444 1865
3445 1866
3446 1867
3447 1868
3448 1869
3449 1870
3450 1871
3451 1872
3452 1873
3453 1874
3454 1875
3455 1876
3456 1877
3457 1878
3458 1879
3459 1880
3460 1881
3461 1882
3462 1883
3463 1884
3464 1885
3465 1886
3466 1887
3467 1888
3468 1889
3469 1890
3470 1891
3471 1892
3472 1893
3473 0
3474 1894
3475 1895
3476 1896
3477 1897
3478 1898
3479 1899
3480 1900
3481 1901
3482 1902
3483 463
3484 1903
3485 0
3486 1904
3487 1905
3488 1906
3489 1907
3490 1908
3491 1909
3492 1910
3493 1911
3494 1912
3495 1913
3496 1914
3497 1915
3498 1916
3499 1917
3500 0
3501 1918
3502 1919
3503 1920
3504 1921
3505 1922
3506 1923
3507 1924
3508 1925
3509 1926
3510 1927
3511 0
3512 1928
3513 1929
3514 1930
3515 1931
3516 1932
3517 1933
3518 0
3519 1934
3520 1935
3521 1936
3522 1937
3523 1938
3524 1939
3525 0
3526 1940
3527 0
3528 1941
3529 1942
3530 1943
3531 1944
3532 1945
3533 1946
3534 1947
3535 1948
3536 1949
3537 1950
3538 1951
3539 1952
3540 1953
3541 1954
3542 1955
3543 1956
3544 0
3545 1957
3546 0
3547 840
3548 1958
3549 0
3550 1959
3551 1357
3552 1960
3553 1961
3554 1962
3555 1963
3556 0
3557 1964
3558 0
3559 1965
3560 1966
3561 1967
3562 1968
3563 0
3564 1969
3565 1970
3566 0
3567 1971
3568 850
3569 0
3570 0
3571 1972
3572 0
3573 0
3574 1973
3575 1285
3576 1974
3577 1975
3578 1976
3579 1977
3580 0
3581 0
3582 1978
3583 0
3584 0
3585 1979
3586 1980
3587 1981
3588 1982
3589 0
3590 0
3591 0
3592 1983
3593 0
3594 1566
3595 429
3596 0
3597 1984
3598 1985
3599 0
3600 1986
3601 0
3602 0
3603 0
3604 1987
3605 0
3606 0
3607 0
3608 1988
3609 1989
3610 1990
3611 1991
3612 1992
3613 1993
3614 0
3615 1994
3616 0
3617 0
3618 0
3619 1995
3620 0
3621 1996
3622 0
3623 0
3624 0
3625 1997
3626 0
3627 1998
3628 0
3629 874
3630 1999
3631 0
3632 0
3633 130
3634 2000
3635 0
3636 0
3637 0
3638 0
3639 0
3640 0
3641 0
3642 0
3643 0
3644 0
3645 2001
3646 0
3647 0
3648 2002
3649 2003
3650 1469
3651 0
3652 0
3653 0
3654 2004
3655 2005
3656 0
3657 2006
3658 0
3659 2007
3660 0
3661 0
3662 2008
3663 2009
3664 2010
3665 2011
3666 0
3667 2012
3668 2013
3669 2014
3670 0
3671 2015
3672 0
3673 2016
3674 0
3675 2017
3676 25
3677 1285
3678 2018
3679 2019
3680 0
3681 2020
3682 0
3683 2021
3684 2022
3685 2023
3686 0
3687 0
3688 2024
3689 2025
3690 0
3691 2026
3692 0
3693 2027
3694 2028
3695 0
3696 0
3697 0
3698 0
3699 2029
3700 2030
3701 0
3702 2031
3703 0
3704 0
3705 1819
3706 2032
3707 2033
3708 0
3709 2034
3710 0
3711 0
3712 0
3713 0
3714 0
3715 2035
3716 0
3717 0
3718 2036
3719 2037
3720 0
3721 0
3722 2038
3723 0
3724 2039
3725 2040
3726 2041
3727 1033
3728 0
3729 2042
3730 2043
3731 2044
3732 2045
3733 2046
3734 0
3735 2047
3736 0
3737 2048
3738 2049
3739 2050
3740 2051
3741 0
3742 0
3743 2052
3744 0
3745 2053
3746 2054
3747 1813
3748 0
3749 0
3750 2055
3751 2056
3752 2057
3753 2058
3754 831
3755 0
3756 2059
3757 0
3758 2060
3759 2061
3760 2062
3761 2063
3762 0
3763 2064
3764 2065
3765 0
3766 2066
3767 2067
3768 2068
3769 2069
3770 0
3771 1469
3772 2070
3773 2071
3774 638
3775 2072
3776 2073
3777 0
3778 0
3779 2074
3780 2075
3781 2076
3782 2077
3783 2078
3784 0
3785 2079
3786 2080
3787 1829
3788 0
3789 0
3790 2081
3791 2082
3792 2083
3793 2084
3794 2085
3795 2086
3796 0
3797 0
3798 0
3799 0
3800 2087
3801 2088
3802 0
3803 2089
3804 2090
3805 2091
3806 2092
3807 2093
3808 0
3809 0
3810 2094
3811 0
3812 0
3813 2095
3814 0
3815 2096
3816 2097
3817 2098
3818 0
3819 0
3820 0
3821 0
3822 2099
3823 2100
3824 0
3825 0
3826 0
3827 0
3828 0
3829 0
3830 0
3831 2101
3832 0
3833 2102
3834 0
3835 2103
3836 0
3837 2104
3838 2105
3839 2106
3840 2107
3841 2108
3842 0
3843 0
3844 2109
3845 532
3846 2110
3847 2111
3848 2112
3849 2113
3850 2114
3851 0
3852 2115
3853 2116
3854 0
3855 0
3856 0
3857 2117
3858 2118
3859 0
3860 0
3861 0
3862 0
3863 0
3864 0
3865 2119
3866 2120
3867 2121
3868 2122
3869 0
3870 137
3871 0
3872 2123
3873 0
3874 0
3875 0
3876 0
3877 0
3878 0
3879 0
3880 2124
3881 0
3882 0
3883 2125
3884 0
3885 2126
3886 2127
3887 0
3888 0
3889 0
3890 0
3891 2128
3892 0
3893 0
3894 0
3895 0
3896 0
3897 0
3898 0
3899 2129
3900 0
3901 0
3902 0
3903 2130
3904 2131
3905 2132
3906 0
3907 0
3908 2133
3909 0
3910 2134
3911 0
3912 0
3913 0
3914 0
3915 0
3916 2135
3917 0
3918 0
3919 25
3920 0
3921 0
3922 2136
3923 2137
3924 0
3925 0
3926 0
3927 0
3928 0
3929 0
3930 0
3931 831
3932 2138
3933 2139
3934 2140
3935 369
3936 2141
3937 2142
3938 2143
3939 2144
3940 2145
3941 2146
3942 0
3943 2147
3944 1099
3945 0
3946 0
3947 2148
3948 0
3949 0
3950 2149
3951 0
3952 0
3953 2150
3954 2151
3955 0
3956 0
3957 2152
3958 2153
3959 0
3960 2154
3961 1329
3962 2155
3963 0
3964 0
3965 0
3966 0
3967 2156
3968 2157
3969 0
3970 1392
3971 2158
3972 0
3973 2159
3974 2160
3975 2161
3976 2162
3977 2163
3978 0
3979 2164
3980 2165
3981 2166
3982 2167
3983 0
3984 2168
3985 2169
3986 2170
3987 2171
3988 2172
3989 2173
3990 2017
3991 0
3992 0
3993 2174
3994 2175
3995 2176
3996 0
3997 0
3998 0
3999 0
4000 2177
4001 0
4002 2178
4003 2179
4004 2180
4005 0
4006 2181
4007 0
4008 0
4009 2182
4010 0
4011 2183
4012 0
4013 0
4014 2184
4015 2185
4016 0
4017 0
4018 0
4019 0
4020 0
4021 2186
4022 2187
4023 0
4024 96
4025 0
4026 2188
4027 169
4028 0
4029 2189
4030 0
4031 0
4032 0
4033 2190
4034 0
4035 169
4036 0
4037 0
4038 0
4039 2191
4040 2192
4041 2193
4042 2194
4043 2195
4044 0
4045 2196
4046 2197
4047 0
4048 2198
4049 2199
4050 2200
4051 2201
4052 2202
4053 2203
4054 2204
4055 2205
4056 2206
4057 0
4058 2207
4059 0
4060 2208
4061 2209
4062 2210
4063 823
4064 2211
4065 0
4066 2212
4067 0
4068 2213
4069 2214
4070 2215
4071 2216
4072 0
4073 2217
4074 2218
4075 2219
4076 2220
4077 2221
4078 0
4079 2222
4080 0
4081 2223
4082 2224
4083 2225
4084 2226
4085 2227
4086 2228
4087 0
4088 2229
4089 2230
4090 2231
4091 2232
4092 2233
4093 2234
4094 2235
4095 2236
4096 2237
4097 2238
4098 0
4099 2239
4100 2240
4101 0
4102 2241
4103 2242
4104 2243
4105 2244
4106 0
4107 2245
4108 2246
4109 0
4110 2247
4111 0
4112 2248
4113 2249
4114 2250
4115 2251
4116 2252
4117 2253
4118 2254
4119 2255
4120 2256
4121 2257
4122 2258
4123 2259
4124 2260
4125 0
4126 2261
4127 2262
4128 2263
4129 2264
4130 2243
4131 2265
4132 2266
4133 2267
4134 2268
4135 2269
4136 2270
4137 2271
4138 2272
4139 2273
4140 2274
4141 2275
4142 2276
4143 2277
4144 2278
4145 2279
4146 2280
4147 2281
4148 2282
4149 2283
4150 2284
4151 2285
4152 2286
4153 2287
4154 2288
4155 2289
4156 2290
4157 0
4158 2291
4159 2292
4160 2293
4161 2294
4162 2295
4163 2296
4164 2297
4165 0
4166 2298
4167 2299
4168 2300
4169 2301
4170 2302
4171 2303
4172 2304
4173 2305
4174 2306
4175 2307
4176 2308
4177 2309
4178 2310
4179 2311
4180 2312
4181 2313
4182 2314
4183 2315
4184 2316
4185 2317
4186 2318
4187 2319
4188 2320
4189 2321
4190 476
4191 2322
4192 0
4193 2323
4194 2324
4195 2325
4196 0
4197 2326
4198 2327
4199 2328
4200 2329
4201 0
4202 2330
4203 2331
4204 1566
4205 0
4206 0
4207 0
4208 0
4209 2332
4210 2333
4211 0
4212 0
4213 0
4214 0
4215 2334
4216 1566
4217 2335
4218 2336
4219 1366
4220 0
4221 2337
4222 2338
4223 2339
4224 2340
4225 2341
4226 0
4227 0
4228 0
4229 2342
4230 2343
4231 2344
4232 0
4233 0
4234 0
4235 0
4236 2345
4237 2346
4238 2347
4239 0
4240 0
4241 2348
4242 0
4243 2349
4244 2350
4245 2351
4246 2352
4247 0
4248 0
4249 2353
4250 0
4251 0
4252 0
4253 0
4254 2354
4255 2355
4256 2356
4257 0
4258 169
4259 0
4260 2357
4261 2358
4262 720
4263 2359
4264 2360
4265 0
4266 2361
4267 0
4268 0
4269 0
4270 0
4271 441
4272 0
4273 2362
4274 2363
4275 2364
4276 2365
4277 328
4278 157
4279 2366
4280 0
4281 2367
4282 2368
4283 2369
4284 0
4285 2370
4286 0
4287 0
4288 2371
4289 0
4290 0
4291 0
4292 2372
4293 0
4294 0
4295 2373
4296 0
4297 0
4298 0
4299 0
4300 0
4301 0
4302 0
4303 2374
4304 0
4305 0
4306 2375
4307 2376
4308 0
4309 0
4310 0
4311 2377
4312 0
4313 2378
4314 2379
4315 2380
4316 2381
4317 0
4318 2382
4319 0
4320 2383
4321 2384
4322 0
4323 0
4324 0
4325 0
4326 0
4327 0
4328 2385
4329 0
4330 2386
4331 1827
4332 2387
4333 2388
4334 0
4335 0
4336 0
4337 2389
4338 2390
4339 738
4340 2391
4341 2392
4342 2393
4343 0
4344 0
4345 0
4346 2394
4347 0
4348 2395
4349 2396
4350 2397
4351 2398
4352 2399
4353 0
4354 2400
4355 0
4356 0
4357 2401
4358 623
4359 0
4360 0
4361 0
4362 2402
4363 0
4364 2403
4365 2404
4366 2405
4367 2406
4368 2407
4369 0
4370 0
4371 2408
4372 0
4373 0
4374 0
4375 105
4376 0
4377 0
4378 0
4379 2409
4380 0
4381 0
4382 0
4383 2410
4384 2411
4385 0
4386 0
4387 0
4388 2412
4389 0
4390 0
4391 2413
4392 2414
4393 169
4394 0
4395 0
4396 0
4397 0
4398 731
4399 2415
4400 0
4401 2416
4402 2417
4403 0
4404 2418
4405 2419
4406 0
4407 0
4408 2420
4409 2421
4410 2422
4411 2423
4412 0
4413 2424
4414 2425
4415 0
4416 0
4417 0
4418 2426
4419 0
4420 0
4421 2427
4422 0
4423 0
4424 0
4425 0
4426 2428
4427 0
4428 0
4429 0
4430 0
4431 0
4432 731
4433 0
4434 0
4435 0
4436 0
4437 0
4438 0
4439 2429
4440 0
4441 2430
4442 2431
4443 0
4444 0
4445 2432
4446 0
4447 0
4448 2433
4449 0
4450 0
4451 413
4452 0
4453 0
4454 0
4455 2434
4456 300
4457 0
4458 0
4459 0
4460 0
4461 2435
4462 839
4463 0
4464 0
4465 0
4466 0
4467 0
4468 0
4469 0
4470 0
4471 2436
4472 0
4473 0
4474 2437
4475 0
4476 0
4477 2438
4478 25
4479 0
4480 0
4481 1101
4482 0
4483 0
4484 0
4485 88
4486 0
4487 0
4488 2439
4489 0
4490 0
4491 2440
4492 0
4493 0
4494 0
4495 2441
4496 0
4497 2442
4498 2439
4499 2439
4500 2443
4501 0
4502 530
4503 2444
4504 0
4505 2445
4506 2446
4507 0
4508 0
4509 0
4510 0
4511 0
4512 0
4513 0
4514 2447
4515 0
4516 0
4517 2448
4518 0
4519 1606
4520 0
4521 337
4522 2449
4523 0
4524 0
4525 2450
4526 0
4527 0
4528 0
4529 0
4530 0
4531 2451
4532 2452
4533 2453
4534 2454
4535 0
4536 2455
4537 2456
4538 96
4539 0
4540 0
4541 0
4542 0
4543 0
4544 0
4545 0
4546 2457
4547 0
4548 0
4549 0
4550 2372
4551 2458
4552 2459
4553 2460
4554 0
4555 2461
4556 1046
4557 2462
4558 2463
4559 1566
4560 2464
4561 0
4562 2465
4563 2466
4564 2467
4565 2468
4566 0
4567 2469
4568 2470
4569 2471
4570 2472
4571 0
4572 0
4573 2473
4574 2474
4575 0
4576 2475
4577 2476
4578 0
4579 2477
4580 2478
4581 0
4582 2479
4583 2480
4584 2481
4585 0
4586 2482
4587 2483
4588 2484
4589 0
4590 0
4591 2485
4592 2486
4593 2487
4594 0
4595 0
4596 2488
4597 2489
4598 0
4599 0
4600 2490
4601 2491
4602 2492
4603 0
4604 2493
4605 2494
4606 0
4607 0
4608 105
4609 0
4610 2495
4611 0
4612 0
4613 2496
4614 2497
4615 105
4616 2498
4617 2499
4618 2500
4619 2501
4620 0
4621 0
4622 0
4623 2502
4624 2489
4625 2503
4626 2504
4627 2505
4628 2506
4629 2507
4630 1161
4631 0
4632 0
4633 2508
4634 2509
4635 0
4636 2510
4637 284
4638 284
4639 2511
4640 2512
4641 2513
4642 2514
4643 2515
4644 2516
4645 96
4646 672
4647 0
4648 2517
4649 2518
4650 2519
4651 2520
4652 2521
4653 0
4654 2522
4655 0
4656 0
4657 2523
4658 0
4659 2342
4660 0
4661 0
4662 2524
4663 0
4664 2525
4665 2526
4666 0
4667 2527
4668 2120
4669 0
4670 2397
4671 2396
4672 2528
4673 2529
4674 2530
4675 2531
4676 695
4677 0
4678 0
4679 0
4680 0
4681 0
4682 0
4683 1566
4684 2532
4685 2533
4686 112
4687 2534
4688 0
4689 2535
4690 2536
4691 2537
4692 2538
4693 0
4694 0
4695 2539
4696 0
4697 2540
4698 0
4699 0
4700 2541
4701 0
4702 0
4703 0
4704 0
4705 0
4706 0
4707 970
4708 2542
4709 2543
4710 0
4711 0
4712 0
4713 0
4714 2544
4715 0
4716 0
4717 0
4718 0
4719 0
4720 62
4721 0
4722 2545
4723 0
4724 2546
4725 2547
4726 0
4727 2548
4728 2549
4729 0
4730 2550
4731 0
4732 2551
4733 2552
4734 2553
4735 2554
4736 2555
4737 0
4738 1323
4739 2556
4740 369
4741 2557
4742 0
4743 0
4744 0
4745 2558
4746 2559
4747 1261
4748 2560
4749 2561
4750 2562
4751 2563
4752 0
4753 2564
4754 0
4755 2565
4756 2471
4757 2566
4758 0
4759 0
4760 0
4761 0
4762 2567
4763 2568
4764 0
4765 0
4766 0
4767 0
4768 0
4769 2569
4770 0
4771 2570
4772 0
4773 0
4774 0
4775 2571
4776 2572
4777 2573
4778 0
4779 2574
4780 0
4781 0
4782 0
4783 2575
4784 2576
4785 0
4786 2577
4787 2578
4788 0
4789 2579
4790 2580
4791 0
4792 0
4793 1829
4794 0
4795 2581
4796 0
4797 90
4798 2582
4799 0
4800 94
4801 0
4802 0
4803 1503
4804 1033
4805 0
4806 0
4807 2583
4808 0
4809 0
4810 169
4811 2103
4812 0
4813 660
4814 0
4815 0
4816 2584
4817 2585
4818 2586
4819 2587
4820 0
4821 2588
4822 0
4823 0
4824 2589
4825 2590
4826 2591
4827 2592
4828 2593
4829 2594
4830 2595
4831 2596
4832 2597
4833 0
4834 2598
4835 0
4836 2599
4837 2600
4838 0
4839 0
4840 0
4841 0
4842 0
4843 0
4844 2120
4845 0
4846 388
4847 0
4848 0
4849 0
4850 2601
4851 2602
4852 1183
4853 2603
4854 0
4855 0
4856 0
4857 0
4858 2604
4859 1512
4860 0
4861 0
4862 2605
4863 2606
4864 0
4865 0
4866 862
4867 2607
4868 2608
4869 0
4870 2609
4871 0
4872 2610
4873 2611
4874 0
4875 0
4876 2612
4877 96
4878 0
4879 2613
4880 0
4881 0
4882 2614
4883 2615
4884 0
4885 0
4886 2616
4887 2617
4888 2618
4889 2619
4890 2620
4891 0
4892 0
4893 2621
4894 2622
4895 2623
4896 2624
4897 2625
4898 2626
4899 2627
4900 2628
4901 0
4902 2629
4903 2630
4904 0
4905 0
4906 0
4907 0
4908 2631
4909 2632
4910 2633
4911 0
4912 0
4913 2634
4914 2635
4915 2636
4916 0
4917 0
4918 0
4919 2637
4920 2638
4921 0
4922 2639
4923 2640
4924 2641
4925 0
4926 0
4927 0
4928 0
4929 2642
4930 0
4931 2643
4932 0
4933 2644
4934 2645
4935 2646
4936 2647
4937 0
4938 0
4939 0
4940 2648
4941 0
4942 209
4943 2649
4944 0
4945 0
4946 0
4947 2650
4948 0
4949 0
4950 2651
4951 0
4952 0
4953 0
4954 2652
4955 425
4956 2653
4957 0
4958 0
4959 0
4960 2654
4961 2655
4962 0
4963 2656
4964 2657
4965 0
4966 0
4967 0
4968 0
4969 2658
4970 0
4971 0
4972 0
4973 1046
4974 2659
4975 0
4976 0
4977 2660
4978 2661
4979 2662
4980 0
4981 2663
4982 0
4983 0
4984 0
4985 2664
4986 0
4987 0
4988 2665
4989 0
4990 0
4991 0
4992 0
4993 2666
4994 369
4995 0
4996 0
4997 0
4998 2667
4999 0
5000 0
5001 2668
5002 0
5003 0
5004 1401
5005 1043
5006 0
5007 2669
5008 0
5009 0
5010 0
5011 0
5012 0
5013 0
5014 0
5015 0
5016 0
5017 0
5018 0
5019 0
5020 0
5021 0
5022 0
5023 0
5024 0
5025 0
5026 2670
5027 0
5028 0
5029 0
5030 0
5031 0
5032 0
5033 2671
5034 641
5035 1033
5036 0
5037 0
5038 0
5039 0
5040 0
5041 0
5042 2672
5043 0
5044 2673
5045 2674
5046 0
5047 1549
5048 0
5049 2675
5050 1566
5051 0
5052 0
5053 688
5054 0
5055 0
5056 2676
5057 0
5058 0
5059 0
5060 0
5061 0
5062 0
5063 0
5064 0
5065 0
5066 0
5067 0
5068 0
5069 2677
5070 2678
5071 647
5072 0
5073 0
5074 2679
5075 0
5076 2680
5077 2681
5078 0
5079 0
5080 0
5081 2682
5082 2683
5083 0
5084 1289
5085 0
5086 2684
5087 0
5088 0
5089 2685
5090 0
5091 2686
5092 0
5093 0
5094 0
5095 0
5096 2687
5097 0
5098 0
5099 2688
5100 2689
5101 0
5102 2689
5103 2690
5104 0
5105 0
5106 0
5107 0
5108 0
5109 2691
5110 0
5111 688
5112 488
5113 0
5114 0
5115 2692
5116 49
5117 2693
5118 0
5119 2694
5120 0
5121 2695
5122 2696
5123 0
5124 0
5125 2596
5126 0
5127 0
5128 289
5129 0
5130 0
5131 0
5132 0
5133 0
5134 2697
5135 0
5136 0
5137 0
5138 2029
5139 0
5140 0
5141 0
5142 0
5143 0
5144 0
5145 0
5146 0
5147 0
5148 0
5149 0
5150 0
5151 0
5152 0
5153 0
5154 2698
5155 0
5156 0
5157 0
5158 2699
5159 0
5160 0
5161 2460
5162 1435
5163 2700
5164 0
5165 0
5166 0
5167 0
5168 2701
5169 0
5170 0
5171 0
5172 57
5173 1818
5174 2702
5175 0
5176 0
5177 2703
5178 2704
5179 2705
5180 2706
5181 0
5182 0
5183 2707
5184 2708
5185 2709
5186 2710
5187 2711
5188 0
5189 2712
5190 0
5191 0
5192 0
5193 2713
5194 2666
5195 0
5196 0
5197 0
5198 0
5199 0
5200 0
5201 1346
5202 2714
5203 183
5204 2715
5205 0
5206 2716
5207 2717
5208 2718
5209 2719
5210 0
5211 0
5212 2720
5213 2721
5214 2722
5215 2723
5216 0
5217 2724
5218 2725
5219 2726
5220 2727
5221 2728
5222 0
5223 2729
5224 2730
5225 0
5226 2731
5227 0
5228 2732
5229 0
5230 0
5231 2733
5232 2734
5233 0
5234 0
5235 0
5236 2735
5237 0
5238 0
5239 0
5240 0
5241 0
5242 0
5243 0
5244 0
5245 0
5246 0
5247 0
5248 0
5249 0
5250 0
5251 0
5252 0
5253 0
5254 0
5255 0
5256 0
5257 0
5258 0
5259 0
5260 0
5261 0
5262 0
5263 0
5264 0
5265 0
5266 0
5267 0
5268 0
5269 0
5270 0
5271 0
5272 0
5273 0
5274 0
5275 0
5276 0
5277 0
5278 0
5279 0
5280 0
5281 0
5282 0
5283 0
5284 0
5285 0
5286 0
5287 0
5288 0
5289 0
5290 0
5291 0
5292 0
5293 0
5294 0
5295 0
5296 0
5297 2736
5298 2737
5299 0
5300 0
5301 0
5302 0
5303 2738
5304 1818
5305 2739
5306 2740
5307 0
5308 2741
5309 2742
5310 2743
5311 2744
5312 0
5313 0
5314 2745
5315 0
5316 2746
5317 2747
5318 0
5319 2748
5320 2749
5321 62
5322 2750
5323 2749
5324 0
5325 2751
5326 1503
5327 2752
5328 2753
5329 0
5330 0
5331 2754
5332 0
5333 0
5334 0
5335 0
5336 0
5337 0
5338 0
5339 0
5340 0
5341 2755
5342 2756
5343 0
5344 2757
5345 2758
5346 2759
5347 860
5348 2760
5349 0
5350 0
5351 0
5352 2761
5353 2070
5354 2762
5355 2763
5356 0
5357 0
5358 0
5359 0
5360 2764
5361 0
5362 2765
5363 2766
5364 169
5365 0
5366 0
5367 2767
5368 0
5369 0
5370 169
5371 2768
5372 0
5373 1851
5374 2769
5375 2770
5376 2771
5377 2772
5378 2773
5379 2774
5380 0
5381 862
5382 2775
5383 0
5384 0
5385 0
5386 2776
5387 0
5388 2777
5389 0
5390 0
5391 0
5392 28
5393 1621
5394 0
5395 0
5396 0
5397 0
5398 0
5399 0
5400 2778
5401 0
5402 0
5403 2779
5404 169
5405 2780
5406 2781
5407 0
5408 0
5409 2782
5410 0
5411 2783
5412 2784
5413 2785
5414 2786
5415 2786
5416 2787
5417 2788
5418 0
5419 2789
5420 2790
5421 2791
5422 0
5423 0
5424 2792
5425 2793
5426 539
5427 0
5428 2794
5429 2795
5430 2796
5431 2797
5432 2798
5433 2799
5434 2800
5435 2801
5436 0
5437 2802
5438 2803
5439 2804
5440 2805
5441 2806
5442 0
5443 0
5444 0
5445 2807
5446 0
5447 0
5448 0
5449 0
5450 0
5451 0
5452 0
5453 0
5454 0
5455 0
5456 0
5457 0
5458 0
5459 0
5460 0
5461 0
5462 0
5463 0
5464 2808
5465 0
5466 2809
5467 2810
5468 2811
5469 2812
5470 2813
5471 2385
5472 0
5473 0
5474 2814
5475 2815
5476 0
5477 2816
5478 117
5479 2817
5480 0
5481 0
5482 2818
5483 0
5484 2819
5485 2820
5486 0
5487 2821
5488 2822
5489 0
5490 0
5491 0
5492 2823
5493 2824
5494 2825
5495 0
5496 0
5497 0
5498 660
5499 2826
5500 0
5501 2827
5502 0
5503 2828
5504 0
5505 0
5506 0
5507 0
5508 0
5509 0
5510 0
5511 112
5512 0
5513 0
5514 0
5515 0
5516 0
5517 0
5518 0
5519 0
5520 0
5521 0
5522 0
5523 2829
5524 0
5525 0
5526 0
5527 0
5528 2830
5529 2831
5530 2832
5531 2833
5532 2834
5533 0
5534 2835
5535 0
5536 0
5537 2836
5538 0
5539 2837
5540 2838
5541 2839
5542 0
5543 2840
5544 2841
5545 2842
5546 2843
5547 0
5548 2844
5549 2845
5550 0
5551 0
5552 2846
5553 2847
5554 2848
5555 0
5556 0
5557 2849
5558 0
5559 2850
5560 0
5561 2851
5562 0
5563 0
5564 169
5565 0
5566 0
5567 0
5568 0
5569 2852
5570 0
5571 0
5572 0
5573 0
5574 0
5575 0
5576 2853
5577 2854
5578 2855
5579 0
5580 0
5581 0
5582 2856
5583 2857
5584 0
5585 2858
5586 868
5587 0
5588 2859
5589 0
5590 0
5591 2860
5592 641
5593 0
5594 0
5595 0
5596 0
5597 0
5598 2861
5599 79
5600 0
5601 0
5602 2862
5603 779
5604 0
5605 2863
5606 0
5607 2864
5608 2865
5609 2866
5610 2867
5611 2868
5612 0
5613 0
5614 0
5615 0
5616 0
5617 2869
5618 0
5619 2870
5620 0
5621 2871
5622 2872
5623 1618
5624 0
5625 0
5626 2873
5627 0
5628 0
5629 2874
5630 0
5631 0
5632 0
5633 0
5634 0
5635 0
5636 2875
5637 0
5638 0
5639 0
5640 0
5641 862
5642 1968
5643 0
5644 0
5645 0
5646 0
5647 2876
5648 0
5649 0
5650 2877
5651 0
5652 2878
5653 0
5654 0
5655 0
5656 0
5657 0
5658 1566
5659 2879
5660 0
5661 641
5662 0
5663 2880
5664 0
5665 0
5666 2881
5667 638
5668 2882
5669 0
5670 0
5671 0
5672 2883
5673 2884
5674 2885
5675 2886
5676 2887
5677 0
5678 2888
5679 2017
5680 0
5681 0
5682 2889
5683 2890
5684 2891
5685 0
5686 0
5687 2892
5688 2893
5689 0
5690 2894
5691 2895
5692 0
5693 2896
5694 2897
5695 0
5696 2898
5697 2103
5698 2899
5699 0
5700 0
5701 750
5702 0
5703 2900
5704 0
5705 0
5706 2901
5707 2902
5708 2903
5709 2904
5710 169
5711 2905
5712 1466
5713 0
5714 2906
5715 2907
5716 2908
5717 0
5718 2909
5719 2910
5720 2118
5721 0
5722 723
5723 0
5724 0
5725 0
5726 2462
5727 0
5728 0
5729 0
5730 369
5731 0
5732 0
5733 2911
5734 0
5735 0
5736 2912
5737 0
5738 0
5739 2913
5740 0
5741 0
5742 2914
5743 0
5744 0
5745 0
5746 2915
5747 2916
5748 0
5749 0
5750 0
5751 0
5752 0
5753 0
5754 2917
5755 2918
5756 2919
5757 0
5758 2920
5759 2921
5760 2393
5761 0
5762 2922
5763 0
5764 2923
5765 0
5766 2924
5767 0
5768 2925
5769 2926
5770 0
5771 0
5772 0
5773 0
5774 0
5775 0
5776 0
5777 0
5778 0
5779 425
5780 0
5781 0
5782 0
5783 0
5784 0
5785 0
5786 0
5787 0
5788 0
5789 0
5790 0
5791 0
5792 0
5793 0
5794 0
5795 0
5796 0
5797 2927
5798 137
5799 0
5800 2928
5801 2929
5802 2930
5803 2931
5804 2594
5805 2932
5806 0
5807 0
5808 0
5809 2933
5810 2934
5811 0
5812 2935
5813 0
5814 2936
5815 0
5816 0
5817 2937
5818 2938
5819 0
5820 697
5821 91
5822 0
5823 0
5824 0
5825 0
5826 0
5827 2939
5828 2940
5829 2941
5830 2942
5831 0
5832 2943
5833 0
5834 2944
5835 0
5836 0
5837 2945
5838 2946
5839 0
5840 2947
5841 0
5842 0
5843 2691
5844 0
5845 0
5846 0
5847 0
5848 0
5849 234
5850 2948
5851 0
5852 2064
5853 0
5854 2949
5855 0
5856 0
5857 2950
5858 2951
5859 2952
5860 0
5861 0
5862 0
5863 2953
5864 2954
5865 0
5866 2955
5867 2956
5868 0
5869 2957
5870 0
5871 2958
5872 2959
5873 2960
5874 2961
5875 2962
5876 2963
5877 0
5878 2964
5879 2965
5880 2966
5881 2967
5882 0
5883 0
5884 2968
5885 0
5886 2969
5887 2970
5888 0
5889 0
5890 2971
5891 0
5892 2972
5893 0
5894 2973
5895 0
5896 2974
5897 2975
5898 0
5899 2976
5900 2977
5901 2978
5902 0
5903 2979
5904 0
5905 2980
5906 0
5907 0
5908 2981
5909 2982
5910 2983
5911 0
5912 2984
5913 2985
5914 2986
5915 0
5916 0
5917 2987
5918 2988
5919 0
5920 0
5921 0
5922 2989
5923 2990
5924 2991
5925 0
5926 2992
5927 2993
5928 2994
5929 2995
5930 0
5931 0
5932 2996
5933 0
5934 0
5935 0
5936 2997
5937 0
5938 2998
5939 2999
5940 3000
5941 3001
5942 0
5943 3002
5944 0
5945 0
5946 0
5947 0
5948 3003
5949 3004
5950 860
5951 0
5952 0
5953 3005
5954 0
5955 0
5956 3006
5957 0
5958 0
5959 0
5960 3007
5961 0
5962 3008
5963 3009
5964 0
5965 2912
5966 0
5967 0
5968 0
5969 3010
5970 3011
5971 3012
5972 3013
5973 3014
5974 3015
5975 3016
5976 3017
5977 0
5978 0
5979 0
5980 3018
5981 3019
5982 3020
5983 0
5984 3021
5985 0
5986 0
5987 0
5988 0
5989 0
5990 3022
5991 0
5992 3023
5993 3024
5994 3025
5995 1329
5996 0
5997 0
5998 3026
5999 0
6000 0
6001 3027
6002 3028
6003 3029
6004 3030
6005 0
6006 568
6007 3031
6008 3032
6009 3033
6010 0
6011 3034
6012 0
6013 3035
6014 3036
6015 3037
6016 0
6017 3038
6018 695
6019 3039
6020 3040
6021 0
6022 3041
6023 0
6024 0
6025 0
6026 3042
6027 0
6028 0
6029 638
6030 0
6031 3043
6032 3044
6033 3045
6034 1658
6035 3046
6036 0
6037 0
6038 0
6039 3047
6040 3047
6041 0
6042 3048
6043 3049
6044 0
6045 0
6046 0
6047 3050
6048 0
6049 3051
6050 2007
6051 0
6052 688
6053 0
6054 3052
6055 0
6056 3053
6057 0
6058 3054
6059 3055
6060 0
6061 0
6062 0
6063 0
6064 0
6065 237
6066 0
6067 0
6068 0
6069 0
6070 0
6071 0
6072 0
6073 0
6074 0
6075 0
6076 0
6077 0
6078 3056
6079 2387
6080 3057
6081 0
6082 3058
6083 2540
6084 3059
6085 3060
6086 0
6087 3061
6088 0
6089 0
6090 3062
6091 0
6092 0
6093 0
6094 0
6095 3063
6096 3064
6097 0
6098 0
6099 0
6100 0
6101 0
6102 3065
6103 3066
6104 3067
6105 3068
6106 3069
6107 3070
6108 1851
6109 1285
6110 1531
6111 3071
6112 0
6113 0
6114 0
6115 3072
6116 0
6117 0
6118 3073
6119 3074
6120 0
6121 169
6122 3075
6123 0
6124 3076
6125 0
6126 0
6127 3077
6128 3078
6129 0
6130 0
6131 0
6132 0
6133 3079
6134 3080
6135 3081
6136 3082
6137 3083
6138 0
6139 0
6140 3084
6141 0
6142 2444
6143 0
6144 3085
6145 0
6146 3086
6147 3087
6148 3088
6149 3089
6150 0
6151 0
6152 3090
6153 3091
6154 0
6155 3092
6156 3093
6157 3094
6158 3095
6159 0
6160 94
6161 3096
6162 1229
6163 3097
6164 3098
6165 0
6166 0
6167 169
6168 0
6169 0
6170 1957
6171 3099
6172 3100
6173 0
6174 3101
6175 3102
6176 3103
6177 3104
6178 0
6179 0
6180 3105
6181 0
6182 3106
6183 0
6184 3107
6185 3108
6186 3109
6187 0
6188 0
6189 3110
6190 3111
6191 0
6192 3112
6193 3113
6194 3114
6195 0
6196 3115
6197 169
6198 3116
6199 1156
6200 0
6201 3117
6202 3118
6203 0
6204 3119
6205 3120
6206 1531
6207 0
6208 0
6209 0
6210 0
6211 3121
6212 3122
6213 0
6214 0
6215 3123
6216 0
6217 0
6218 655
6219 0
6220 3124
6221 0
6222 3125
6223 3126
6224 0
6225 0
6226 0
6227 3127
6228 1752
6229 621
6230 0
6231 0
6232 3128
6233 3129
6234 0
6235 0
6236 0
6237 0
6238 539
6239 0
6240 3130
6241 0
6242 0
6243 3131
6244 3132
6245 0
6246 169
6247 0
6248 3133
6249 0
6250 3134
6251 3135
6252 237
6253 3136
6254 0
6255 0
6256 0
6257 2585
6258 3137
6259 3138
6260 2431
6261 0
6262 3139
6263 0
6264 0
6265 3140
6266 3141
6267 2372
6268 0
6269 0
6270 3142
6271 3143
6272 0
6273 3144
6274 3145
6275 3146
6276 3147
6277 0
6278 3148
6279 3149
6280 0
6281 1853
6282 3150
6283 3151
6284 688
6285 3152
6286 0
6287 0
6288 0
6289 3153
6290 3154
6291 0
6292 0
6293 0
6294 3122
6295 0
6296 0
6297 3155
6298 3156
6299 0
6300 0
6301 0
6302 169
6303 0
6304 0
6305 3157
6306 0
6307 0
6308 3158
6309 0
6310 3159
6311 0
6312 0
6313 0
6314 3160
6315 0
6316 3161
6317 0
6318 0
6319 0
6320 0
6321 0
6322 0
6323 3162
6324 3163
6325 2120
6326 0
6327 3164
6328 0
6329 0
6330 3165
6331 0
6332 0
6333 3166
6334 3167
6335 0
6336 0
6337 3168
6338 0
6339 0
6340 0
6341 0
6342 0
6343 2590
6344 0
6345 3169
6346 0
6347 0
6348 868
6349 0
6350 0
6351 3170
6352 3171
6353 3172
6354 3173
6355 0
6356 3174
6357 0
6358 3175
6359 3176
6360 0
6361 0
6362 0
6363 0
6364 3177
6365 3178
6366 0
6367 0
6368 3179
6369 3180
6370 3181
6371 769
6372 0
6373 0
6374 3182
6375 3183
6376 3184
6377 3185
6378 3025
6379 2450
6380 3186
6381 0
6382 3187
6383 3188
6384 3189
6385 0
6386 169
6387 3190
6388 0
6389 0
6390 3191
6391 3192
6392 0
6393 3193
6394 3194
6395 0
6396 3195
6397 1998
6398 0
6399 0
6400 0
6401 3196
6402 2849
6403 3197
6404 0
6405 3198
6406 0
6407 3199
6408 831
6409 0
6410 0
6411 3200
6412 3201
6413 301
6414 3202
6415 0
6416 0
6417 0
6418 3203
6419 0
6420 3204
6421 0
6422 3205
6423 3206
6424 2656
6425 0
6426 0
6427 0
6428 3207
6429 0
6430 0
6431 3208
6432 0
6433 3209
6434 0
6435 0
6436 0
6437 3210
6438 0
6439 3211
6440 0
6441 0
6442 3212
6443 3213
6444 0
6445 3214
6446 0
6447 3215
6448 3216
6449 3217
6450 3218
6451 3219
6452 0
6453 0
6454 0
6455 2183
6456 3220
6457 0
6458 0
6459 0
6460 0
6461 0
6462 0
6463 0
6464 0
6465 0
6466 0
6467 0
6468 0
6469 0
6470 0
6471 0
6472 0
6473 0
6474 0
6475 0
6476 0
6477 3221
6478 3222
6479 0
6480 3223
6481 3224
6482 3225
6483 3226
6484 0
6485 3227
6486 337
6487 0
6488 3228
6489 3229
6490 3230
6491 3231
6492 3232
6493 0
6494 3233
6495 3234
6496 0
6497 930
6498 3235
6499 0
6500 0
6501 1618
6502 3236
6503 0
6504 3237
6505 0
6506 0
6507 0
6508 0
6509 0
6510 0
6511 0
6512 3238
6513 0
6514 0
6515 3239
6516 0
6517 0
6518 0
6519 2547
6520 0
6521 0
6522 0
6523 3240
6524 0
6525 0
6526 0
6527 0
6528 0
6529 0
6530 3241
6531 0
6532 0
6533 0
6534 0
6535 0
6536 3242
6537 0
6538 0
6539 0
6540 3243
6541 0
6542 3244
6543 3245
6544 0
6545 0
6546 3246
6547 0
6548 3247
6549 0
6550 0
6551 3248
6552 0
6553 0
6554 0
6555 0
6556 0
6557 3249
6558 3250
6559 0
6560 0
6561 930
6562 3251
6563 0
6564 0
6565 0
6566 3081
6567 2594
6568 3252
6569 0
6570 3253
6571 3254
6572 0
6573 3255
6574 3256
6575 0
6576 0
6577 3257
6578 3258
6579 0
6580 3259
6581 3260
6582 0
6583 0
6584 0
6585 3261
6586 0
6587 0
6588 0
6589 3262
6590 3263
6591 0
6592 0
6593 0
6594 0
6595 730
6596 3264
6597 0
6598 0
6599 0
6600 0
6601 0
6602 0
6603 0
6604 0
6605 0
6606 0
6607 0
6608 0
6609 0
6610 0
6611 0
6612 0
6613 0
6614 0
6615 0
6616 0
6617 0
6618 0
6619 0
6620 1666
6621 0
6622 0
6623 0
6624 0
6625 0
6626 0
6627 0
6628 0
6629 0
6630 0
6631 3265
6632 0
6633 0
6634 0
6635 0
6636 0
6637 0
6638 0
6639 0
6640 0
6641 0
6642 0
6643 0
6644 0
6645 0
6646 0
6647 0
6648 1387
6649 3266
6650 0
6651 3267
6652 3268
6653 3108
6654 0
6655 0
6656 0
6657 0
6658 3269
6659 3270
6660 0
6661 3271
6662 0
6663 0
6664 2439
6665 0
6666 1186
6667 0
6668 3272
6669 3273
6670 3274
6671 169
6672 0
6673 3275
6674 3276
6675 779
6676 3277
6677 3278
6678 3279
6679 3280
6680 3281
6681 3282
6682 3283
6683 3284
6684 0
6685 3285
6686 3286
6687 3287
6688 3288
6689 3289
6690 3290
6691 3291
6692 0
6693 3292
6694 0
6695 3293
6696 0
6697 3294
6698 0
6699 3295
6700 3296
6701 0
6702 0
6703 3297
6704 3298
6705 3299
6706 2666
6707 3300
6708 3301
6709 0
6710 3302
6711 3303
6712 0
6713 3304
6714 3305
6715 2032
6716 0
6717 3306
6718 3307
6719 3308
6720 3309
6721 3310
6722 0
6723 2439
6724 3311
6725 0
6726 0
6727 0
6728 0
6729 3312
6730 2744
6731 105
6732 0
6733 3313
6734 3314
6735 0
6736 0
6737 3315
6738 3316
6739 3317
6740 0
6741 137
6742 1095
6743 839
6744 0
6745 11
6746 0
6747 3318
6748 0
6749 0
6750 638
6751 2460
6752 3319
6753 2900
6754 0
6755 0
6756 3320
6757 0
6758 1606
6759 0
6760 0
6761 0
6762 3321
6763 3322
6764 0
6765 0
6766 0
6767 0
6768 0
6769 1342
6770 3323
6771 3324
6772 1342
6773 0
6774 0
6775 0
6776 0
6777 0
6778 91
6779 3325
6780 2573
6781 0
6782 0
6783 3326
6784 0
6785 0
6786 0
6787 3327
6788 1273
6789 3328
6790 108
6791 446
6792 0
6793 3329
6794 0
6795 3330
6796 0
6797 3331
6798 0
6799 3332
6800 62
6801 3333
6802 2064
6803 0
6804 2904
6805 3334
6806 3335
6807 1236
6808 0
6809 0
6810 3336
6811 3337
6812 3338
6813 3339
6814 3340
6815 0
6816 3341
6817 2828
6818 3342
6819 3343
6820 0
6821 3344
6822 1189
6823 3345
6824 3346
6825 3347
6826 0
6827 862
6828 3348
6829 3349
6830 0
6831 0
6832 3350
6833 3351
6834 3352
6835 3047
6836 0
6837 1618
6838 3353
6839 0
6840 0
6841 3354
6842 3355
6843 3356
6844 0
6845 3357
6846 3358
6847 3359
6848 3360
6849 3361
6850 3362
6851 3363
6852 3364
6853 3365
6854 1342
6855 3366
6856 0
6857 3367
6858 3368
6859 3369
6860 0
6861 3370
6862 0
6863 3058
6864 3371
6865 3372
6866 0
6867 3350
6868 3373
6869 0
6870 0
6871 3374
6872 3375
6873 3376
6874 3377
6875 0
6876 3378
6877 0
6878 3379
6879 3369
6880 0
6881 0
6882 0
6883 0
6884 0
6885 0
6886 3380
6887 0
6888 3381
6889 3382
6890 3383
6891 0
6892 1851
6893 0
6894 0
6895 0
6896 0
6897 3384
6898 0
6899 3385
6900 3386
6901 3387
6902 0
6903 0
6904 3388
6905 3389
6906 0
6907 3390
6908 3391
6909 169
6910 3392
6911 0
6912 0
6913 2366
6914 3393
6915 3394
6916 3067
6917 0
6918 3395
6919 3396
6920 0
6921 0
6922 3397
6923 0
6924 0
6925 0
6926 3398
6927 1099
6928 0
6929 3399
6930 0
6931 3400
6932 0
6933 3401
6934 621
6935 0
6936 3402
6937 0
6938 0
6939 855
6940 3403
6941 3404
6942 3405
6943 137
6944 3406
6945 3407
6946 3408
6947 3409
6948 3410
6949 3411
6950 2289
6951 3412
6952 3413
6953 3414
6954 0
6955 0
6956 0
6957 3415
6958 0
6959 3416
6960 0
6961 0
6962 0
6963 0
6964 3417
6965 0
6966 0
6967 3418
6968 0
6969 3419
6970 3420
6971 3421
6972 0
6973 0
6974 3422
6975 3423
6976 3424
6977 0
6978 0
6979 0
6980 3425
6981 3426
6982 3427
6983 0
6984 0
6985 3428
6986 3429
6987 3430
6988 3431
6989 0
6990 0
6991 3432
6992 3433
6993 3434
6994 0
6995 0
6996 3435
6997 3436
6998 3437
6999 0
7000 0
7001 0
7002 3438
7003 0
7004 3439
7005 0
7006 3440
7007 0
7008 0
7009 3441
7010 0
7011 0
7012 0
7013 0
7014 0
7015 1407
7016 3442
7017 0
7018 0
7019 0
7020 3443
7021 137
7022 0
7023 0
7024 3444
7025 3445
7026 3446
7027 3447
7028 3448
7029 0
7030 2691
7031 3449
7032 1006
7033 3450
7034 3451
7035 0
7036 3452
7037 0
7038 0
7039 0
7040 0
7041 0
7042 1156
7043 0
7044 3453
7045 0
7046 0
7047 0
7048 0
7049 0
7050 0
7051 0
7052 0
7053 2636
7054 3454
7055 3455
7056 3456
7057 3457
7058 3458
7059 3459
7060 3460
7061 3461
7062 3462
7063 3463
7064 3464
7065 3465
7066 3466
7067 3467
7068 3468
7069 3469
7070 3470
7071 0
7072 3471
7073 3472
7074 3473
7075 3474
7076 3475
7077 3476
7078 3477
7079 0
7080 3478
7081 0
7082 0
7083 0
7084 0
7085 0
7086 0
7087 0
7088 0
7089 0
7090 3479
7091 414
7092 0
7093 3480
7094 0
7095 0
7096 3481
7097 0
7098 450
7099 0
7100 0
7101 0
7102 0
7103 0
7104 0
7105 0
7106 3482
7107 0
7108 0
7109 0
7110 0
7111 3483
7112 0
7113 3484
7114 3485
7115 0
7116 3486
7117 0
7118 0
7119 0
7120 0
7121 0
7122 0
7123 3487
7124 0
7125 0
7126 1189
7127 3067
7128 3488
7129 0
7130 3489
7131 0
7132 3490
7133 0
7134 0
7135 3491
7136 0
7137 0
7138 98
7139 0
7140 0
7141 0
7142 0
7143 0
7144 1806
7145 0
7146 0
7147 0
7148 0
7149 0
7150 0
7151 2527
7152 3196
7153 0
7154 0
7155 0
7156 0
7157 0
7158 0
7159 0
7160 0
7161 0
7162 0
7163 0
7164 0
7165 0
7166 3492
7167 0
7168 0
7169 0
7170 0
7171 0
7172 0
7173 0
7174 0
7175 0
7176 0
7177 0
7178 3493
7179 0
7180 0
7181 0
7182 2292
7183 0
7184 0
7185 0
7186 0
7187 0
7188 0
7189 0
7190 3494
7191 3495
7192 0
7193 148
7194 1435
7195 0
7196 0
7197 0
7198 2158
7199 3496
7200 3497
7201 3498
7202 3499
7203 3500
7204 3501
7205 0
7206 3502
7207 0
7208 0
7209 3503
7210 0
7211 0
7212 0
7213 0
7214 0
7215 0
7216 3504
7217 3505
7218 0
7219 0
7220 0
7221 3506
7222 0
7223 0
7224 3507
7225 0
7226 0
7227 279
7228 0
7229 0
7230 0
7231 0
7232 0
7233 3508
7234 1118
7235 3509
7236 0
7237 3510
7238 3511
7239 3512
7240 0
7241 0
7242 0
7243 0
7244 0
7245 0
7246 0
7247 0
7248 0
7249 0
7250 3291
7251 317
7252 3513
7253 3514
7254 3515
7255 0
7256 3516
7257 0
7258 0
7259 0
7260 0
7261 3517
7262 3518
7263 0
7264 0
7265 3519
7266 779
7267 0
7268 0
7269 3520
7270 0
7271 0
7272 3521
7273 0
7274 0
7275 0
7276 3522
7277 0
7278 0
7279 299
7280 0
7281 0
7282 0
7283 0
7284 0
7285 3523
7286 0
7287 0
7288 0
7289 3524
7290 3525
7291 3526
7292 3527
7293 289
7294 3528
7295 0
7296 0
7297 0
7298 0
7299 0
7300 0
7301 3529
7302 3530
7303 3531
7304 0
7305 3532
7306 0
7307 3533
7308 0
7309 3534
7310 3535
7311 0
7312 0
7313 3040
7314 3536
7315 3537
7316 3538
7317 0
7318 2998
7319 0
7320 3539
7321 861
7322 3540
7323 3541
7324 3542
7325 0
7326 0
7327 3543
7328 0
7329 3544
7330 0
7331 0
7332 3545
7333 0
7334 3546
7335 3547
7336 1833
7337 0
7338 0
7339 2582
7340 3548
7341 0
7342 3340
7343 0
7344 3549
7345 3550
7346 0
7347 0
7348 0
7349 3207
7350 530
7351 3551
7352 0
7353 0
7354 0
7355 0
7356 3552
7357 3553
7358 3554
7359 3555
7360 3556
7361 0
7362 3557
7363 0
7364 0
7365 0
7366 3558
7367 2385
7368 0
7369 3559
7370 3560
7371 3561
7372 231
7373 0
7374 0
7375 0
7376 3562
7377 3563
7378 0
7379 0
7380 2564
7381 0
7382 0
7383 3564
7384 0
7385 0
7386 3565
7387 3566
7388 3567
7389 2585
7390 3568
7391 3569
7392 3570
7393 0
7394 0
7395 3571
7396 3572
7397 3573
7398 855
7399 0
7400 0
7401 0
7402 0
7403 0
7404 0
7405 2847
7406 0
7407 0
7408 3574
7409 3575
7410 3397
7411 2414
7412 0
7413 3576
7414 0
7415 0
7416 0
7417 3577
7418 1619
7419 3578
7420 3579
7421 3580
7422 0
7423 0
7424 3581
7425 0
7426 0
7427 0
7428 0
7429 0
7430 0
7431 3582
7432 0
7433 3583
7434 0
7435 3584
7436 0
7437 0
7438 3585
7439 0
7440 0
7441 0
7442 0
7443 3586
7444 0
7445 3587
7446 3588
7447 3589
7448 0
7449 0
7450 0
7451 3590
7452 3228
7453 0
7454 0
7455 3591
7456 386
7457 0
7458 3592
7459 666
7460 0
7461 3241
7462 0
7463 3593
7464 0
7465 1992
7466 0
7467 730
7468 3594
7469 3595
7470 3596
7471 3597
7472 3598
7473 3599
7474 0
7475 0
7476 3600
7477 3601
7478 62
7479 3602
7480 0
7481 3603
7482 0
7483 0
7484 3604
7485 3605
7486 0
7487 0
7488 0
7489 0
7490 0
7491 0
7492 3606
7493 0
7494 0
7495 0
7496 2594
7497 1099
7498 0
7499 3607
7500 0
7501 501
7502 3608
7503 0
7504 3609
7505 3610
7506 0
7507 0
7508 0
7509 3611
7510 0
7511 3612
7512 3613
7513 0
7514 3614
7515 0
7516 0
7517 3615
7518 3616
7519 3617
7520 0
7521 3618
7522 0
7523 237
7524 0
7525 3619
7526 0
7527 0
7528 0
7529 3620
7530 0
7531 0
7532 0
7533 0
7534 0
7535 169
7536 0
7537 0
7538 0
7539 0
7540 0
7541 0
7542 0
7543 584
7544 3621
7545 3622
7546 3623
7547 3624
7548 0
7549 0
7550 0
7551 3625
7552 3626
7553 0
7554 0
7555 0
7556 0
7557 0
7558 0
7559 1818
7560 3627
7561 0
7562 3628
7563 0
7564 3629
7565 0
7566 2036
7567 2848
7568 0
7569 3630
7570 0
7571 0
7572 0
7573 3631
7574 0
7575 0
7576 0
7577 0
7578 0
7579 0
7580 0
7581 0
7582 3632
7583 0
7584 0
7585 0
7586 0
7587 0
7588 0
7589 161
7590 3633
7591 0
7592 0
7593 0
7594 0
7595 0
7596 3620
7597 0
7598 3634
7599 0
7600 0
7601 0
7602 3635
7603 0
7604 0
7605 0
7606 0
7607 0
7608 0
7609 0
7610 0
7611 1666
7612 0
7613 0
7614 3636
7615 0
7616 3637
7617 862
7618 0
7619 3638
7620 3639
7621 0
7622 0
7623 0
7624 0
7625 0
7626 3640
7627 3641
7628 3642
7629 3643
7630 2363
7631 0
7632 0
7633 0
7634 3644
7635 3645
7636 1229
7637 0
7638 3646
7639 3647
7640 3648
7641 3649
7642 3650
7643 3651
7644 3652
7645 3653
7646 3654
7647 289
7648 3655
7649 3656
7650 3657
7651 3658
7652 3659
7653 3660
7654 3661
7655 3662
7656 3663
7657 0
7658 3664
7659 442
7660 3665
7661 3666
7662 3667
7663 3668
7664 0
7665 3669
7666 3670
7667 3671
7668 3672
7669 3673
7670 3674
7671 3675
7672 0
7673 0
7674 3676
7675 3677
7676 0
7677 3678
7678 3164
7679 3679
7680 3680
7681 3681
7682 3682
7683 3683
7684 1183
7685 3684
7686 3685
7687 2670
7688 3686
7689 3687
7690 3688
7691 3689
7692 500
7693 3690
7694 0
7695 3691
7696 0
7697 1033
7698 0
7699 3692
7700 3693
7701 3694
7702 3695
7703 3696
7704 3697
7705 3698
7706 3699
7707 0
7708 3700
7709 1366
7710 3701
7711 3702
7712 3703
7713 3704
7714 3705
7715 0
7716 3706
7717 3707
7718 3708
7719 3709
7720 0
7721 3710
7722 3711
7723 3712
7724 3713
7725 3714
7726 3715
7727 3716
7728 0
7729 0
7730 0
7731 3717
7732 3718
7733 3719
7734 3720
7735 3721
7736 0
7737 0
7738 2352
7739 3722
7740 3723
7741 3724
7742 0
7743 3725
7744 3726
7745 0
7746 0
7747 0
7748 0
7749 3727
7750 3728
7751 3729
7752 2917
7753 0
7754 3730
7755 3731
7756 3732
7757 3733
7758 2835
7759 3734
7760 0
7761 0
7762 0
7763 3735
7764 3736
7765 3737
7766 3738
7767 3739
7768 3740
7769 3741
7770 3742
7771 697
7772 3743
7773 3744
7774 3745
7775 1769
7776 3746
7777 3747
7778 3748
7779 3749
7780 0
7781 0
7782 0
7783 3750
7784 3751
7785 3752
7786 0
7787 0
7788 2669
7789 3753
7790 3754
7791 0
7792 3755
7793 3756
7794 3757
7795 0
7796 3758
7797 0
7798 3759
7799 3760
7800 0
7801 3761
7802 638
7803 3762
7804 3763
7805 3764
7806 3765
7807 3766
7808 3767
7809 0
7810 3768
7811 3769
7812 367
7813 0
7814 3770
7815 3771
7816 3772
7817 0
7818 3773
7819 0
7820 0
7821 0
7822 0
7823 0
7824 3774
7825 0
7826 3775
7827 3776
7828 3777
7829 1371
7830 0
7831 0
7832 0
7833 0
7834 0
7835 3778
7836 0
7837 3779
7838 3780
7839 3781
7840 3782
7841 0
7842 0
7843 0
7844 3783
7845 0
7846 0
7847 3784
7848 3785
7849 3786
7850 3787
7851 3788
7852 3789
7853 3790
7854 3791
7855 3792
7856 3793
7857 3794
7858 3795
7859 3796
7860 3797
7861 3798
7862 3799
7863 3800
7864 3801
7865 3802
7866 3803
7867 3804
7868 3805
7869 3806
7870 3807
7871 3808
7872 3809
7873 3810
7874 3811
7875 3812
7876 3813
7877 3814
7878 0
7879 0
7880 0
7881 0
7882 704
7883 0
7884 0
7885 2585
7886 3815
7887 369
7888 3816
7889 3817
7890 62
7891 0
7892 1804
7893 0
7894 3818
7895 0
7896 0
7897 0
7898 3819
7899 3820
7900 0
7901 3821
7902 0
7903 0
7904 0
7905 0
7906 0
7907 169
7908 1285
7909 0
7910 0
7911 3822
7912 3823
7913 0
7914 3824
7915 3332
7916 0
7917 0
7918 264
7919 0
7920 3825
7921 3826
7922 0
7923 3827
7924 0
7925 3828
7926 3829
7927 3830
7928 0
7929 0
7930 0
7931 0
7932 3831
7933 2668
7934 3832
7935 0
7936 3833
7937 0
7938 3834
7939 3835
7940 414
7941 0
7942 1006
7943 0
7944 3836
7945 0
7946 0
7947 0
7948 3837
7949 0
7950 0
7951 3838
7952 3839
7953 3840
7954 3841
7955 3842
7956 3843
7957 0
7958 2027
7959 0
7960 3844
7961 3845
7962 0
7963 0
7964 0
7965 1180
7966 3846
7967 3847
7968 0
7969 0
7970 0
7971 3848
7972 0
7973 0
7974 0
7975 0
7976 3849
7977 0
7978 0
7979 0
7980 3850
7981 0
7982 0
7983 0
7984 3851
7985 3852
7986 0
7987 0
7988 0
7989 0
7990 3853
7991 3854
7992 0
7993 0
7994 0
7995 2998
7996 2668
7997 0
7998 3855
7999 3856
8000 0
8001 3857
8002 0
8003 0
8004 3858
8005 0
8006 0
8007 3859
8008 3860
8009 3861
8010 0
8011 1971
8012 3862
8013 3863
8014 0
8015 0
8016 3864
8017 3864
8018 3865
8019 0
8020 3866
8021 0
8022 0
8023 3867
8024 3868
8025 0
8026 0
8027 3058
8028 3869
8029 3435
8030 3870
8031 3871
8032 3872
8033 3873
8034 3874
8035 0
8036 715
8037 3875
8038 3876
8039 3877
8040 3878
8041 0
8042 0
8043 3879
8044 3880
8045 3881
8046 3882
8047 3883
8048 3884
8049 3885
8050 3886
8051 3887
8052 3888
8053 3889
8054 3890
8055 3891
8056 3892
8057 3893
8058 3894
8059 3895
8060 0
8061 3896
8062 0
8063 3897
8064 3898
8065 3899
8066 3900
8067 3901
8068 3902
8069 3903
8070 0
8071 3904
8072 3905
8073 0
8074 530
8075 3906
8076 0
8077 0
8078 0
8079 3907
8080 3908
8081 0
8082 3909
8083 3910
8084 0
8085 0
8086 3911
8087 0
8088 3067
8089 1555
8090 0
8091 3912
8092 3913
8093 3914
8094 3915
8095 3916
8096 0
8097 0
8098 0
8099 2537
8100 0
8101 414
8102 2856
8103 3917
8104 3918
8105 0
8106 0
8107 0
8108 3392
8109 1588
8110 3919
8111 3920
8112 3921
8113 3922
8114 0
8115 3923
8116 3924
8117 0
8118 1681
8119 0
8120 3925
8121 0
8122 1504
8123 0
8124 3926
8125 0
8126 3927
8127 3928
8128 3929
8129 0
8130 0
8131 3930
8132 0
8133 2118
8134 0
8135 0
8136 0
8137 3931
8138 0
8139 3432
8140 0
8141 0
8142 619
8143 3932
8144 3933
8145 2998
8146 3934
8147 0
8148 0
8149 0
8150 0
8151 0
8152 3935
8153 0
8154 0
8155 0
8156 3936
8157 766
8158 0
8159 3937
8160 750
8161 0
8162 0
8163 0
8164 0
8165 3938
8166 233
8167 0
8168 169
8169 1998
8170 0
8171 0
8172 0
8173 3939
8174 1512
8175 0
8176 3940
8177 3941
8178 0
8179 3942
8180 0
8181 3943
8182 0
8183 0
8184 237
8185 3944
8186 3945
8187 3946
8188 0
8189 0
8190 3947
8191 0
8192 3948
8193 0
8194 3949
8195 3950
8196 3951
8197 414
8198 3952
8199 0
8200 3953
8201 3954
8202 1838
8203 3955
8204 3956
8205 0
8206 0
8207 0
8208 3957
8209 3958
8210 3959
8211 3960
8212 0
8213 0
8214 0
8215 3961
8216 0
8217 3962
8218 3963
8219 3964
8220 3965
8221 0
8222 3966
8223 2599
8224 3967
8225 3968
8226 3969
8227 0
8228 3970
8229 3971
8230 3972
8231 0
8232 2912
8233 1229
8234 3973
8235 3974
8236 3975
8237 1033
8238 3976
8239 3977
8240 3978
8241 0
8242 3979
8243 641
8244 3980
8245 3981
8246 3982
8247 0
8248 1366
8249 0
8250 0
8251 3983
8252 0
8253 0
8254 3984
8255 0
8256 0
8257 0
8258 0
8259 0
8260 0
8261 1858
8262 0
8263 3985
8264 831
8265 0
8266 0
8267 920
8268 3986
8269 0
8270 0
8271 0
8272 3987
8273 0
8274 3988
8275 0
8276 3989
8277 0
8278 0
8279 0
8280 0
8281 0
8282 0
8283 0
8284 0
8285 3990
8286 3991
8287 2103
8288 0
8289 3992
8290 3993
8291 0
8292 0
8293 0
8294 0
8295 0
8296 3994
8297 0
8298 3995
8299 3996
8300 0
8301 169
8302 0
8303 1096
8304 0
8305 3997
8306 0
8307 0
8308 0
8309 1571
8310 0
8311 0
8312 862
8313 3400
8314 3998
8315 3999
8316 4000
8317 4001
8318 0
8319 0
8320 2596
8321 4002
8322 4003
8323 231
8324 4004
8325 4005
8326 0
8327 4006
8328 0
8329 0
8330 4007
8331 4008
8332 4009
8333 0
8334 4010
8335 4011
8336 0
8337 0
8338 4012
8339 4013
8340 0
8341 4014
8342 0
8343 4015
8344 3531
8345 4016
8346 4017
8347 0
8348 0
8349 4018
8350 0
8351 0
8352 0
8353 4019
8354 0
8355 0
8356 1346
8357 0
8358 0
8359 0
8360 0
8361 0
8362 4020
8363 0
8364 0
8365 0
8366 0
8367 0
8368 0
8369 0
8370 4021
8371 0
8372 1266
8373 0
8374 0
8375 0
8376 4022
8377 4023
8378 0
8379 0
8380 0
8381 1566
8382 0
8383 0
8384 0
8385 4024
8386 0
8387 0
8388 0
8389 0
8390 4025
8391 1971
8392 0
8393 0
8394 0
8395 4026
8396 0
8397 0
8398 0
8399 0
8400 4027
8401 0
8402 4028
8403 0
8404 0
8405 0
8406 0
8407 4029
8408 0
8409 0
8410 2693
8411 862
8412 0
8413 0
8414 0
8415 0
8416 4030
8417 4031
8418 0
8419 0
8420 4032
8421 4033
8422 1469
8423 3924
8424 4034
8425 3602
8426 0
8427 4035
8428 0
8429 0
8430 4036
8431 0
8432 0
8433 0
8434 0
8435 0
8436 0
8437 0
8438 0
8439 0
8440 0
8441 0
8442 0
8443 0
8444 0
8445 0
8446 0
8447 0
8448 0
8449 0
8450 0
8451 0
8452 0
8453 0
8454 0
8455 0
8456 0
8457 0
8458 0
8459 0
8460 0
8461 0
8462 0
8463 1544
8464 0
8465 0
8466 0
8467 0
8468 0
8469 0
8470 4037
8471 4038
8472 0
8473 0
8474 4039
8475 4040
8476 4041
8477 0
8478 0
8479 0
8480 0
8481 839
8482 4042
8483 0
8484 4043
8485 4044
8486 0
8487 4045
8488 0
8489 4046
8490 0
8491 4047
8492 0
8493 4048
8494 4049
8495 0
8496 4050
8497 4051
8498 237
8499 1285
8500 4052
8501 0
8502 0
8503 4053
8504 0
8505 975
8506 4054
8507 0
8508 4055
8509 0
8510 0
8511 2440
8512 4056
8513 0
8514 4057
8515 0
8516 4058
8517 4059
8518 4060
8519 4061
8520 4062
8521 4063
8522 1455
8523 0
8524 0
8525 0
8526 0
8527 0
8528 0
8529 0
8530 4064
8531 0
8532 0
8533 0
8534 4065
8535 4066
8536 4067
8537 2073
8538 0
8539 4068
8540 4069
8541 4070
8542 0
8543 0
8544 0
8545 0
8546 0
8547 4071
8548 4072
8549 0
8550 4073
8551 0
8552 4074
8553 0
8554 0
8555 0
8556 0
8557 0
8558 4075
8559 0
8560 0
8561 0
8562 0
8563 4076
8564 0
8565 0
8566 4077
8567 4078
8568 0
8569 0
8570 0
8571 0
8572 0
8573 0
8574 4079
8575 4080
8576 0
8577 0
8578 0
8579 0
8580 0
8581 0
8582 0
8583 4081
8584 4082
8585 4083
8586 0
8587 4084
8588 3067
8589 0
8590 0
8591 0
8592 4085
8593 4086
8594 0
8595 4087
8596 4085
8597 0
8598 0
8599 4088
8600 2120
8601 0
8602 0
8603 2919
8604 0
8605 839
8606 0
8607 0
8608 4089
8609 4090
8610 0
8611 0
8612 4091
8613 0
8614 2440
8615 0
8616 601
8617 0
8618 0
8619 0
8620 0
8621 4092
8622 0
8623 4093
8624 0
8625 0
8626 4094
8627 1144
8628 0
8629 0
8630 0
8631 0
8632 0
8633 4095
8634 0
8635 0
8636 0
8637 0
8638 0
8639 4096
8640 3734
8641 0
8642 0
8643 0
8644 4097
8645 91
8646 0
8647 4098
8648 1853
8649 0
8650 0
8651 4099
8652 4100
8653 0
8654 0
8655 1346
8656 769
8657 4101
8658 0
8659 4102
8660 4103
8661 4104
8662 0
8663 4105
8664 3488
8665 1769
8666 729
8667 0
8668 0
8669 0
8670 2070
8671 4106
8672 4107
8673 0
8674 4108
8675 4109
8676 4110
8677 4111
8678 862
8679 4112
8680 0
8681 2103
8682 0
8683 4113
8684 4114
8685 4115
8686 2372
8687 0
8688 0
8689 4116
8690 2518
8691 3157
8692 1762
8693 1998
8694 4117
8695 0
8696 0
8697 4118
8698 0
8699 25
8700 0
8701 91
8702 0
8703 0
8704 0
8705 0
8706 0
8707 4119
8708 4120
8709 868
8710 2120
8711 4121
8712 4122
8713 4123
8714 0
8715 4124
8716 1102
8717 4125
8718 0
8719 0
8720 4126
8721 731
8722 0
8723 2462
8724 4127
8725 4128
8726 4129
8727 4130
8728 4131
8729 4132
8730 0
8731 0
8732 4133
8733 4134
8734 4135
8735 4136
8736 0
8737 0
8738 0
8739 0
8740 0
8741 0
8742 0
8743 0
8744 0
8745 0
8746 0
8747 568
8748 0
8749 0
8750 1632
8751 4137
8752 4138
8753 4139
8754 0
8755 2401
8756 0
8757 0
8758 293
8759 862
8760 0
8761 0
8762 855
8763 0
8764 0
8765 0
8766 0
8767 831
8768 1851
8769 105
8770 4140
8771 0
8772 4141
8773 0
8774 0
8775 0
8776 4142
8777 0
8778 0
8779 0
8780 0
8781 4143
8782 4144
8783 2387
8784 4145
8785 0
8786 98
8787 0
8788 4146
8789 0
8790 490
8791 4147
8792 4148
8793 4149
8794 4150
8795 4151
8796 4152
8797 0
8798 124
8799 1099
8800 3970
8801 1634
8802 0
8803 4153
8804 0
8805 0
8806 4154
8807 0
8808 0
8809 4155
8810 0
8811 0
8812 4156
8813 4157
8814 4158
8815 4159
8816 1810
8817 0
8818 1956
8819 1185
8820 4160
8821 0
8822 671
8823 4161
8824 0
8825 4162
8826 0
8827 4163
8828 0
8829 4164
8830 0
8831 4165
8832 4166
8833 4167
8834 0
8835 0
8836 4168
8837 0
8838 0
8839 4169
8840 2120
8841 0
8842 4170
8843 0
8844 4171
8845 0
8846 4172
8847 4173
8848 62
8849 0
8850 0
8851 0
8852 4174
8853 4175
8854 4176
8855 4177
8856 4178
8857 0
8858 1697
8859 4179
8860 0
8861 0
8862 0
8863 4180
8864 4181
8865 0
8866 4182
8867 0
8868 4183
8869 0
8870 0
8871 4184
8872 4185
8873 3927
8874 4159
8875 4186
8876 0
8877 0
8878 0
8879 0
8880 4187
8881 4188
8882 4189
8883 92
8884 688
8885 4190
8886 4191
8887 0
8888 0
8889 0
8890 4192
8891 0
8892 0
8893 4193
8894 0
8895 4194
8896 0
8897 0
8898 4195
8899 4196
8900 4197
8901 0
8902 4198
8903 0
8904 4199
8905 0
8906 0
8907 4200
8908 0
8909 0
8910 0
8911 0
8912 0
8913 0
8914 4201
8915 0
8916 0
8917 4202
8918 0
8919 0
8920 0
8921 4203
8922 0
8923 0
8924 4204
8925 4205
8926 0
8927 519
8928 0
8929 4206
8930 4207
8931 0
8932 0
8933 2646
8934 0
8935 0
8936 0
8937 0
8938 0
8939 0
8940 0
8941 0
8942 0
8943 0
8944 0
8945 0
8946 0
8947 0
8948 0
8949 0
8950 0
8951 0
8952 0
8953 0
8954 0
8955 0
8956 0
8957 0
8958 0
8959 0
8960 0
8961 4208
8962 4209
8963 4210
8964 4211
8965 0
8966 4212
8967 0
8968 3908
8969 62
8970 62
8971 4213
8972 4214
8973 4215
8974 4216
8975 0
8976 4217
8977 4218
8978 4219
8979 4220
8980 0
8981 621
8982 0
8983 0
8984 0
8985 4221
8986 0
8987 4222
8988 4223
8989 2574
8990 0
8991 0
8992 0
8993 4224
8994 2706
8995 0
8996 0
8997 4225
8998 0
8999 4226
9000 638
9001 4227
9002 0
9003 0
9004 1438
9005 0
9006 0
9007 4228
9008 0
9009 0
9010 4229
9011 0
9012 0
9013 769
9014 0
9015 769
9016 4230
9017 0
9018 0
9019 0
9020 4231
9021 4232
9022 4233
9023 0
9024 0
9025 4234
9026 4235
9027 4236
9028 4237
9029 4238
9030 4239
9031 4240
9032 169
9033 4241
9034 0
9035 4242
9036 0
9037 4243
9038 4244
9039 4245
9040 0
9041 849
9042 0
9043 0
9044 0
9045 0
9046 2029
9047 4246
9048 0
9049 4247
9050 0
9051 4248
9052 0
9053 4249
9054 0
9055 4250
9056 4251
9057 4252
9058 0
9059 4253
9060 4064
9061 2589
9062 0
9063 0
9064 0
9065 0
9066 0
9067 0
9068 0
9069 0
9070 0
9071 3487
9072 0
9073 0
9074 0
9075 0
9076 3074
9077 4254
9078 0
9079 0
9080 4255
9081 0
9082 0
9083 4256
9084 0
9085 0
9086 0
9087 4257
9088 0
9089 4258
9090 0
9091 0
9092 0
9093 4259
9094 4260
9095 4261
9096 0
9097 0
9098 0
9099 4262
9100 4263
9101 4264
9102 4265
9103 0
9104 4266
9105 0
9106 0
9107 4267
9108 0
9109 0
9110 0
9111 4268
9112 4269
9113 0
9114 0
9115 4270
9116 0
9117 0
9118 0
9119 0
9120 812
9121 4271
9122 4272
9123 4273
9124 4274
9125 0
9126 0
9127 0
9128 0
9129 4275
9130 4276
9131 0
9132 0
9133 0
9134 237
9135 0
9136 0
9137 0
9138 0
9139 4277
9140 0
9141 0
9142 4278
9143 350
9144 0
9145 0
9146 862
9147 425
9148 0
9149 4279
9150 4280
9151 0
9152 4281
9153 0
9154 0
9155 0
9156 451
9157 4282
