1 1
2 2
2 3
3 4
4 5
4 6
4 7
5 5
6 8
7 5
8 9
8 10
8 11
8 12
8 13
9 14
9 9
9 15
9 16
9 12
9 13
10 17
10 16
10 18
11 9
11 12
11 7
12 14
13 14
13 9
13 1
13 12
14 19
14 4
15 2
15 3
16 14
17 9
17 1
17 12
17 3
17 20
17 21
18 14
19 9
19 12
19 22
19 18
20 5
20 23
21 19
21 24
22 6
22 7
23 10
23 7
24 7
25 23
26 25
26 26
27 27
28 4
28 28
29 14
29 9
29 12
29 21
30 5
30 1
31 29
31 30
31 31
32 5
33 1
33 10
34 4
35 32
36 26
37 33
37 34
38 10
38 35
39 36
40 14
40 37
41 16
41 8
41 38
42 4
43 39
44 35
45 40
45 41
46 4
47 42
48 6
48 34
49 6
50 4
51 9
51 43
51 12
51 22
52 1
53 14
53 44
53 9
53 45
53 12
53 13
54 14
54 9
54 15
54 16
54 12
54 22
55 6
55 46
55 16
55 47
55 3
55 18
56 6
56 10
56 7
57 9
57 48
57 12
57 22
58 5
58 1
58 18
59 4
60 7
61 49
62 9
62 1
62 4
62 12
63 4
64 2
64 3
65 5
66 49
66 50
66 23
67 14
68 3
69 51
69 30
69 34
70 52
71 4
72 18
73 5
73 18
74 53
74 16
74 54
75 16
75 54
76 36
77 4
78 25
78 26
79 1
80 10
80 35
81 18
82 10
83 55
83 3
83 7
84 14
84 9
84 12
85 10
86 35
87 5
87 6
88 56
89 39
89 36
90 57
90 4
90 28
91 39
91 8
92 39
92 35
93 6
94 4
95 2
95 26
95 3
96 9
96 12
97 4
98 58
98 26
99 10
99 16
99 54
100 26
100 18
101 2
101 26
101 3
102 14
103 5
103 9
103 59
103 12
104 12
104 60
104 23
104 7
105 14
105 15
105 16
105 26
106 14
106 9
106 12
107 14
107 9
107 12
107 21
108 4
109 17
109 1
109 16
110 4
111 1
112 5
113 4
114 10
115 1
115 33
115 34
116 4
117 26
118 25
118 26
118 18
119 14
119 15
119 16
120 35
120 28
121 18
122 58
122 39
123 23
123 7
124 10
125 23
126 5
126 1
127 3
128 4
129 4
130 14
131 51
131 30
132 6
133 4
134 40
134 18
135 14
135 15
135 16
135 26
136 5
136 10
137 7
138 61
138 35
139 4
140 9
140 10
140 12
141 28
142 26
143 10
144 25
144 26
145 8
145 7
145 36
146 1
146 62
146 16
146 18
147 36
148 8
148 36
149 39
150 18
151 36
152 14
152 9
152 12
152 21
153 40
154 26
155 5
156 26
157 4
158 9
158 2
158 12
158 3
158 21
159 2
159 3
160 19
161 8
161 36
162 19
162 39
162 56
162 63
163 18
164 5
164 9
164 64
164 3
164 13
165 9
165 49
165 59
165 12
166 2
166 3
167 26
168 63
169 63
170 14
170 7
171 39
171 23
172 9
172 12
172 3
172 65
172 21
173 12
173 36
174 63
175 10
176 66
176 36
177 9
177 59
177 12
178 4
179 39
179 36
180 14
181 1
181 18
182 14
182 1
182 67
183 10
184 68
184 41
185 8
185 36
186 5
186 1
186 10
187 8
187 36
188 9
188 62
188 16
188 12
188 3
188 20
189 69
189 26
190 40
190 18
191 8
191 36
192 39
193 4
194 23
194 7
195 2
195 26
195 3
195 18
196 5
196 9
196 12
196 13
197 14
198 70
198 71
199 4
200 72
200 30
200 27
201 26
202 66
203 51
203 30
203 18
204 14
205 8
206 9
206 49
206 59
206 12
207 4
207 28
208 14
208 9
208 12
208 21
209 56
210 14
210 2
210 3
210 23
211 1
211 62
211 16
212 19
212 39
212 69
213 5
213 1
214 14
214 1
215 1
216 9
216 48
216 12
216 22
217 18
218 5
218 9
218 59
218 12
218 22
219 26
220 26
221 32
222 5
222 9
222 64
222 3
222 13
223 14
224 32
225 9
225 10
225 11
225 12
225 13
226 2
226 3
227 5
227 1
228 73
228 23
229 32
230 4
231 8
232 26
233 6
234 49
234 50
235 6
236 9
236 12
236 26
236 21
237 4
238 1
238 74
238 75
238 18
239 18
240 76
240 18
241 56
242 77
242 78
242 79
242 16
242 80
242 81
242 82
243 5
243 1
243 10
244 17
244 16
244 18
245 51
245 27
246 62
246 16
246 18
247 62
247 46
247 16
247 18
248 35
248 18
249 4
250 4
251 52
252 4
253 51
253 30
254 14
255 4
256 10
257 39
258 4
259 48
260 56
261 7
262 10
262 35
263 8
263 83
264 14
264 9
264 12
265 4
266 39
267 5
267 10
268 4
268 12
268 28
269 39
269 63
270 10
270 76
271 25
271 26
272 2
272 3
273 1
274 1
274 62
274 16
275 67
275 84
276 58
276 85
276 86
277 5
278 8
278 36
279 39
279 87
279 16
280 14
281 14
281 37
282 25
282 26
283 14
283 18
284 26
285 14
285 44
285 9
285 45
285 12
286 17
286 16
286 18
287 56
288 14
288 18
288 83
289 5
289 9
289 64
289 3
289 13
290 9
290 2
290 12
290 3
291 14
291 4
292 14
292 44
292 9
292 59
292 45
292 12
293 1
293 88
293 62
293 16
294 40
294 18
295 4
296 18
297 9
297 4
297 12
298 4
299 5
299 9
299 12
300 44
300 43
300 45
300 12
301 5
302 5
303 4
304 5
304 9
304 12
304 22
305 5
305 89
305 44
306 18
307 58
307 4
308 63
309 63
310 10
311 1
311 2
311 3
312 18
313 9
313 12
313 26
313 21
314 5
314 1
315 4
316 50
316 41
317 4
318 5
318 23
319 5
320 5
320 10
320 18
321 9
321 43
321 12
321 22
322 9
322 2
322 12
322 3
322 21
323 5
323 6
324 1
324 58
324 16
325 36
326 26
327 4
328 8
328 36
329 58
329 83
329 41
330 68
330 41
331 14
332 30
332 27
333 2
333 3
334 8
334 36
335 5
335 1
336 26
337 51
338 8
338 36
339 61
339 35
339 34
340 56
341 51
341 30
342 10
342 90
342 61
343 9
343 1
343 62
343 16
343 12
343 21
344 18
345 58
346 26
347 33
348 40
348 18
349 1
350 19
350 8
351 6
352 2
352 3
352 18
353 63
354 19
354 91
354 12
354 36
355 19
356 14
356 9
356 12
357 4
358 58
358 85
358 86
359 14
359 52
360 14
360 46
360 16
360 26
361 14
361 62
361 16
362 17
362 16
362 52
363 9
363 43
363 12
363 22
364 58
364 85
365 14
365 57
366 6
367 39
368 3
369 56
370 1
371 5
372 9
372 2
372 12
372 3
372 21
373 9
373 52
373 59
373 12
374 1
374 57
375 17
375 88
375 16
376 92
376 17
376 40
376 16
377 9
377 43
377 12
377 22
377 23
378 14
379 26
380 92
380 17
380 40
380 16
381 56
382 14
383 26
384 2
384 3
385 1
385 62
385 16
385 68
386 92
386 17
386 40
386 16
387 9
387 4
387 12
388 14
388 25
388 30
389 26
390 1
390 88
391 8
391 36
392 25
392 26
393 93
394 94
395 62
395 16
395 18
396 9
396 12
396 26
396 13
397 95
397 16
397 80
397 4
397 96
398 4
399 4
400 14
400 44
400 9
400 11
400 45
400 12
401 32
402 14
402 91
402 64
402 3
403 4
404 58
405 76
406 2
406 26
406 3
407 1
408 25
408 26
409 10
410 56
411 4
412 39
412 63
413 56
414 4
415 1
415 40
416 95
416 16
416 80
416 72
416 27
416 96
417 56
418 56
419 4
420 2
420 3
421 51
421 30
422 4
423 14
423 9
423 59
423 30
423 12
424 56
425 8
425 36
426 57
427 1
427 88
427 18
428 4
429 39
430 5
430 17
430 16
431 44
431 97
431 12
431 33
432 19
432 25
432 8
433 14
433 9
433 15
433 16
433 12
433 22
434 26
435 6
435 7
436 14
436 15
436 16
437 14
437 5
437 46
437 16
438 18
439 56
440 4
441 14
441 6
442 58
442 39
443 56
443 41
444 1
445 25
445 26
446 39
447 4
448 18
449 23
450 16
450 69
450 98
451 4
452 1
453 58
454 92
454 40
454 16
455 10
455 18
456 5
456 41
457 36
458 51
458 30
459 9
459 2
459 12
459 3
459 21
460 39
461 5
461 10
461 35
462 9
462 77
462 1
462 10
462 16
462 99
462 12
462 82
463 1
463 16
463 80
464 4
465 5
465 1
466 2
466 3
467 40
468 19
468 24
469 4
470 14
470 9
470 50
470 59
470 12
471 14
471 44
471 100
471 45
471 12
472 4
473 4
474 2
474 3
475 14
476 4
476 28
477 26
478 4
479 2
479 3
480 39
481 4
482 19
482 39
483 73
484 63
485 14
485 18
485 83
486 4
487 2
487 3
488 39
489 14
490 36
491 2
491 3
492 10
493 14
493 26
494 73
494 23
495 35
495 34
496 18
497 6
498 25
498 26
499 5
499 9
499 61
499 12
499 13
500 4
501 71
501 4
502 4
503 5
503 4
504 23
505 76
506 4
507 39
508 2
508 3
509 58
509 39
509 101
510 39
510 50
511 5
511 9
511 10
511 12
511 13
512 35
513 10
513 35
514 9
514 32
514 12
514 21
515 10
515 18
516 14
516 30
516 41
517 4
518 8
518 7
518 36
519 39
520 69
520 25
520 26
521 15
521 16
521 26
521 18
522 4
523 14
524 69
524 26
524 68
525 63
526 8
527 8
527 7
527 36
528 76
529 4
530 7
531 6
531 34
532 1
532 28
533 1
533 62
533 16
533 38
534 92
534 1
534 16
535 4
536 92
536 40
536 16
537 14
537 9
537 64
537 3
537 13
538 40
538 25
538 18
539 5
539 9
539 12
539 26
540 2
540 26
540 3
541 14
542 2
542 3
543 4
544 14
544 30
544 41
545 14
545 5
545 46
545 16
546 4
547 10
547 35
548 28
549 5
549 36
550 51
550 30
551 4
552 5
552 1
553 102
553 57
553 75
553 3
554 19
554 39
555 14
555 103
555 25
555 67
556 92
556 40
556 16
557 6
558 6
558 7
559 5
560 5
560 57
561 26
562 14
562 41
563 9
563 12
563 26
563 13
564 5
565 2
565 3
565 23
566 5
566 7
567 14
568 2
568 3
569 4
570 51
570 30
571 17
571 16
571 52
571 18
572 23
572 7
573 2
573 26
573 3
574 5
574 17
574 16
575 1
576 4
577 2
577 3
578 26
579 14
579 10
579 69
580 1
580 87
580 16
581 58
581 104
582 92
582 40
582 16
583 28
584 18
585 5
586 32
587 17
587 40
587 16
587 27
588 4
589 56
590 14
590 9
590 12
590 21
591 40
591 18
592 10
593 9
593 12
593 7
593 21
594 1
595 2
595 26
595 3
596 9
596 12
596 7
596 21
597 56
598 26
599 51
600 5
600 7
601 39
602 1
603 8
603 36
604 85
604 86
605 66
606 105
607 14
607 15
607 16
608 4
609 5
609 4
610 4
611 106
611 83
611 63
612 9
612 4
612 12
612 28
613 76
614 63
615 4
616 52
617 39
618 2
618 3
619 39
620 4
621 14
621 26
621 18
622 4
623 39
624 10
624 4
625 39
626 19
626 39
626 4
627 6
628 7
629 18
630 10
631 40
631 18
632 26
632 18
633 2
633 3
634 9
634 12
634 26
634 21
635 6
635 10
635 7
636 71
636 76
637 4
638 1
638 57
639 4
640 5
640 36
641 18
642 18
643 4
644 25
644 26
645 25
645 26
646 10
646 16
646 54
646 18
647 5
647 9
647 59
647 12
648 5
649 1
650 18
651 17
651 87
651 16
651 69
652 51
652 30
652 27
653 4
654 14
654 30
654 41
655 4
656 18
657 58
657 104
658 14
658 5
658 61
659 17
659 16
659 18
660 4
661 35
661 4
662 95
662 16
662 96
663 5
663 9
663 12
663 107
663 13
664 17
664 1
664 16
664 18
665 4
666 14
666 7
667 4
668 4
669 5
669 17
669 16
670 40
670 18
671 3
672 2
672 3
673 5
673 6
673 9
673 12
673 13
674 2
674 26
674 3
675 14
675 52
676 39
677 6
678 14
678 9
678 59
678 4
678 12
679 94
680 5
680 9
680 12
681 2
681 3
682 26
683 69
683 85
683 41
684 1
685 2
685 26
685 3
686 4
687 9
687 43
687 12
687 22
688 26
689 14
690 90
690 18
691 14
691 9
691 12
691 21
692 25
692 26
693 4
694 28
695 4
696 26
697 5
697 9
697 12
697 13
698 40
698 16
698 108
698 18
699 4
700 9
700 48
700 12
700 22
701 8
702 62
702 16
702 68
703 18
703 41
704 85
705 58
705 85
705 86
706 27
707 16
707 98
707 18
707 41
708 39
709 4
710 27
711 57
712 5
712 77
712 16
712 82
713 5
713 23
713 7
714 19
714 70
714 91
714 12
715 4
716 4
717 5
718 75
718 4
718 109
719 8
720 25
720 26
721 18
722 14
723 4
724 1
724 62
724 16
725 26
726 95
726 16
726 8
726 96
727 40
727 16
727 108
727 18
728 8
728 36
728 56
729 58
730 35
730 18
731 14
731 30
731 41
732 4
733 14
733 9
733 1
733 12
734 5
734 10
734 57
735 58
735 39
736 5
737 14
738 1
739 40
739 18
740 10
741 26
742 9
742 12
742 22
743 25
743 26
744 9
744 43
744 12
744 22
745 25
745 26
746 9
746 52
746 12
746 21
747 5
747 1
748 2
748 3
749 36
750 40
750 18
751 7
752 4
753 10
753 16
753 54
754 14
755 39
756 18
757 14
757 50
757 23
758 61
759 4
760 56
761 9
761 43
761 12
761 22
762 85
763 23
763 36
764 39
765 4
766 25
766 26
766 18
767 10
768 39
769 5
769 1
769 10
770 110
770 5
770 111
771 35
772 9
772 12
772 7
773 19
773 39
773 69
774 5
775 5
776 62
776 16
776 18
777 8
777 36
778 51
778 30
778 18
779 5
779 1
780 5
780 10
780 35
781 9
781 2
781 12
781 26
781 3
781 21
782 18
783 26
784 40
784 18
785 52
786 2
786 26
786 3
787 4
788 14
788 4
789 14
789 1
789 18
790 7
791 18
792 9
792 4
792 12
793 5
794 2
794 3
795 9
795 64
795 3
795 13
796 19
796 36
797 16
797 112
797 3
797 104
797 113
798 28
799 26
800 114
800 68
800 41
801 9
801 12
801 26
801 13
802 40
802 25
803 14
803 30
803 41
804 10
805 16
805 115
805 3
805 18
805 116
806 1
807 25
807 26
808 14
809 4
810 14
810 9
810 12
811 18
812 14
812 44
812 74
812 117
812 75
813 16
813 2
813 3
814 18
815 10
815 76
816 92
816 40
816 16
817 14
817 9
817 64
817 3
817 13
818 28
819 14
819 9
819 10
819 12
820 28
821 5
821 15
821 16
822 26
823 51
824 39
824 101
824 23
825 2
825 3
826 35
827 5
828 1
828 10
829 14
829 52
830 2
830 3
831 69
831 25
831 26
832 48
832 16
832 38
833 5
834 36
835 58
835 85
835 86
836 56
837 19
837 24
838 57
839 3
840 4
841 14
841 5
841 46
841 16
842 74
842 75
842 2
842 26
842 3
843 118
844 4
845 19
845 9
845 58
845 12
846 25
846 26
847 6
848 4
849 26
850 4
851 5
852 14
853 14
853 9
853 12
853 13
854 8
854 36
855 61
856 58
856 39
857 35
857 18
858 5
859 26
860 39
861 9
861 43
861 12
861 22
862 14
863 16
863 18
863 96
864 4
865 56
866 2
866 3
867 119
868 5
868 10
869 5
869 9
869 12
869 22
869 13
870 105
871 5
871 9
871 120
871 12
871 3
872 121
872 23
873 14
874 8
875 58
875 56
876 16
876 2
876 3
877 1
878 58
878 83
878 41
879 14
879 36
880 39
881 62
881 53
881 16
882 17
882 16
883 26
884 16
884 50
885 5
885 9
885 12
885 13
886 51
886 30
887 122
887 16
887 69
887 115
887 96
888 8
888 36
889 40
890 17
890 1
890 16
891 9
891 11
891 4
891 12
892 39
893 36
894 23
895 14
895 15
895 16
896 35
896 18
897 3
898 18
899 63
900 2
900 3
901 40
902 40
903 123
904 94
904 32
905 9
905 12
905 7
906 62
906 16
906 32
906 124
907 26
908 14
909 4
910 6
910 1
910 4
911 4
912 9
912 4
912 12
912 13
913 5
913 23
914 14
914 9
914 12
915 14
915 15
915 16
915 26
916 26
917 4
918 4
919 14
919 9
919 12
920 14
920 9
920 59
920 12
921 5
921 1
921 57
922 5
923 58
923 72
923 85
924 92
924 16
924 18
925 1
925 88
926 4
927 8
928 62
928 16
928 63
929 125
930 14
930 5
930 9
930 59
930 12
931 49
932 25
932 26
932 18
933 93
933 42
934 52
934 2
934 3
935 10
935 76
935 18
936 26
937 63
938 35
939 39
940 5
940 23
941 17
941 16
941 18
942 14
942 57
943 3
943 126
944 4
945 1
945 57
946 51
946 30
947 92
947 40
947 16
948 2
948 26
948 3
949 16
949 54
949 66
949 18
950 90
950 18
951 26
952 4
953 40
953 127
954 5
954 1
955 28
956 17
956 62
956 16
956 18
957 5
957 77
957 16
957 82
958 25
958 26
959 18
960 18
961 5
961 77
961 16
961 43
961 82
962 51
962 30
963 18
964 26
965 4
966 14
967 14
967 88
968 2
968 3
969 51
969 30
969 34
970 4
971 85
971 86
972 17
972 74
972 75
972 16
972 3
972 20
973 35
973 18
974 19
975 14
975 9
975 37
975 12
975 22
976 9
976 4
976 12
977 14
978 4
979 9
979 2
979 12
979 26
979 3
979 13
980 14
981 4
982 10
983 27
984 4
985 39
985 40
985 35
986 10
987 44
987 9
987 43
987 45
987 12
987 22
988 5
989 3
990 4
990 28
991 1
991 18
992 1
993 4
994 39
995 14
995 9
995 59
995 12
996 14
997 128
998 40
998 18
999 73
999 61
1000 5
1001 4
1002 19
1003 51
1003 30
1004 5
1004 9
1004 64
1004 3
1004 13
1005 2
1005 3
1006 35
1007 26
1008 5
1008 9
1008 12
1009 5
1009 23
1009 7
1010 14
1010 15
1010 10
1010 16
1011 16
1011 98
1011 18
1012 1
1013 14
1013 88
1013 129
1013 16
1014 39
1014 56
1015 14
1015 18
1016 92
1016 17
1016 40
1016 16
1017 4
1018 10
1018 35
1019 19
1020 39
1021 2
1021 3
1022 18
1023 8
1023 36
1024 35
1024 28
1025 40
1025 18
1026 19
1026 39
1026 35
1027 5
1027 4
1028 56
1029 5
1029 1
1030 14
1031 7
1032 14
1033 130
1034 8
1034 66
1035 17
1035 16
1035 4
1036 14
1036 18
1037 17
1037 40
1037 16
1037 80
1038 4
1038 68
1039 56
1040 1
1040 18
1041 58
1041 16
1041 80
1041 85
1042 69
1042 68
1042 41
1043 121
1043 23
1044 4
1045 51
1045 30
1046 4
1047 8
1047 36
1047 68
1048 39
1049 58
1049 39
1050 25
1050 26
1051 5
1052 4
1053 4
1054 25
1054 26
1055 1
1056 5
1057 9
1057 4
1057 12
1057 13
1058 18
1059 3
1060 88
1060 87
1060 16
1060 98
1061 26
1062 1
1063 32
1064 4
1065 76
1066 17
1066 16
1066 18
1067 46
1067 16
1067 2
1067 3
1068 14
1068 9
1068 12
1068 124
1068 21
1069 5
1070 36
1071 14
1071 9
1071 59
1071 12
1072 27
1072 131
1073 8
1074 26
1075 5
1075 75
1075 132
1075 29
1075 3
1076 26
1077 6
1078 5
1078 41
1079 4
1080 26
1081 6
1081 50
1082 26
1082 18
1083 35
1083 16
1083 54
1084 4
1085 26
1086 39
1086 66
1087 58
1087 85
1088 1
1089 3
1090 19
1090 39
1091 26
1092 9
1092 103
1092 59
1092 12
1092 67
1093 8
1093 36
1094 5
1094 9
1094 61
1094 12
1094 13
1095 32
1096 26
1097 26
1098 19
1098 50
1099 18
1100 5
1101 118
1102 4
1103 30
1103 131
1103 41
1104 19
1104 24
1105 14
1106 131
1107 23
1108 14
1108 30
1108 41
1109 6
1109 24
1110 35
1110 18
1111 2
1111 26
1111 3
1112 39
1112 68
1112 41
1113 2
1113 3
1114 4
1115 4
1115 23
1116 14
1117 92
1117 40
1117 16
1118 7
1119 28
1120 5
1120 44
1120 77
1120 117
1120 16
1120 82
1121 63
1122 92
1122 1
1122 16
1123 4
1124 63
1125 44
1125 62
1125 16
1125 2
1125 45
1125 12
1125 3
1126 19
1126 39
1127 62
1127 16
1127 26
1127 18
1128 2
1128 26
1128 3
1129 16
1129 98
1129 18
1130 26
1131 39
1132 7
1133 9
1133 91
1133 64
1133 3
1133 13
1134 123
1135 30
1136 14
1137 36
1138 50
1139 16
1139 80
1139 66
1140 14
1140 5
1141 14
1141 9
1141 59
1141 12
1142 8
1143 17
1143 16
1143 18
1144 85
1144 41
1145 35
1145 18
1146 4
1147 9
1147 12
1147 7
1148 19
1148 39
1148 69
1149 9
1149 12
1149 21
1150 1
1150 18
1151 51
1151 30
1152 2
1152 26
1152 3
1153 4
1154 9
1154 8
1154 12
1154 36
1155 56
1156 9
1156 32
1156 4
1156 12
1157 28
1158 51
1158 30
1159 63
1160 7
1161 56
1162 14
1162 62
1162 16
1163 8
1163 36
1164 19
1164 50
1165 35
1165 26
1166 51
1166 30
1166 27
1166 41
1167 4
1168 14
1168 5
1168 9
1168 12
1169 14
1169 71
1170 26
1171 73
1172 49
1172 32
1173 58
1173 39
1174 58
1174 39
1175 10
1176 1
1177 14
1177 1
1177 58
1178 58
1178 39
1179 58
1180 39
1181 35
1182 58
1182 39
1183 6
1184 4
1185 58
1185 85
1186 5
1186 7
1187 14
1187 58
1187 28
1188 58
1188 39
1189 30
1189 27
1190 4
1191 28
1192 26
1193 14
1193 9
1193 12
1193 13
1194 53
1194 71
1194 52
1195 95
1195 16
1195 80
1195 8
1195 96
1196 14
1196 9
1196 59
1196 30
1196 12
1197 4
1198 14
1198 9
1198 12
1198 21
1199 5
1199 9
1199 11
1199 12
1200 4
1201 10
1202 2
1202 3
1203 4
1204 30
1204 26
1205 14
1206 58
1206 122
1206 16
1207 10
1207 76
1207 30
1208 4
1209 14
1210 51
1211 5
1211 10
1211 35
1212 5
1213 17
1213 62
1213 16
1213 18
1214 33
1215 4
1216 6
1216 74
1216 75
1217 5
1217 16
1217 54
1218 4
1219 14
1220 2
1220 3
1221 14
1221 30
1221 41
1222 16
1222 133
1222 26
1223 8
1223 36
1224 39
1225 14
1225 9
1225 59
1225 12
1226 26
1227 10
1228 39
1229 66
1230 6
1230 50
1231 4
1232 35
1232 4
1233 39
1234 4
1235 3
1236 3
1237 39
1238 50
1239 4
1240 40
1240 2
1240 3
1240 18
1241 10
1241 35
1241 76
1242 69
1242 26
1242 68
1243 40
1244 5
1244 26
1244 104
1245 5
1245 16
1245 54
1246 8
1247 5
1247 10
1247 4
1248 28
1249 102
1249 40
1249 75
1249 3
1250 4
1251 94
1252 1
1252 62
1252 16
1252 54
1253 39
1254 19
1254 24
1255 4
1256 39
1256 63
1257 26
1258 90
1258 18
1259 26
1260 14
1260 30
1260 41
1261 53
1262 58
1263 76
1263 25
1263 18
1264 2
1264 30
1264 3
1265 32
1266 23
1267 35
1267 8
1267 36
1268 95
1268 16
1268 80
1268 85
1268 96
1269 74
1269 75
1269 4
1270 92
1270 62
1270 16
1270 3
1270 20
1271 134
1271 135
1271 3
1271 136
1272 14
1272 9
1272 59
1272 12
1273 56
1274 63
1275 26
1276 110
1276 111
1276 7
1277 36
1278 2
1278 26
1278 3
1279 56
1280 51
1280 30
1281 92
1281 1
1281 40
1281 16
1282 1
1283 88
1284 58
1284 85
1284 86
1285 26
1286 35
1286 4
1287 6
1288 5
1288 1
1289 10
1290 27
1291 27
1292 51
1293 2
1293 3
1294 14
1295 25
1295 26
1296 92
1296 40
1296 16
1297 56
1298 14
1299 4
1300 25
1300 26
1301 5
1301 9
1301 64
1301 3
1301 13
1302 14
1302 1
1303 58
1303 56
1304 10
1304 76
1304 4
1305 14
1305 23
1306 14
1306 9
1306 12
1307 1
1307 88
1307 18
1308 2
1308 3
1309 56
1310 35
1310 18
1311 17
1311 16
1311 18
1312 4
1313 8
1314 10
1314 50
1315 35
1315 4
1316 5
1316 6
1316 7
1317 35
1318 5
1319 5
1319 1
1319 16
1319 80
1320 3
1321 88
1322 3
1323 5
1323 35
1324 14
1324 1
1324 18
1325 9
1325 4
1325 12
1326 26
1327 14
1327 9
1327 12
1328 4
1329 26
1330 14
1331 5
1331 18
1332 25
1332 26
1333 40
1333 35
1333 18
1334 10
1335 35
1335 18
1336 5
1337 5
1337 10
1337 35
1338 10
1338 57
1338 16
1338 54
1339 39
1340 56
1341 35
1342 28
1343 56
1344 5
1345 46
1345 16
1345 85
1345 41
1346 4
1347 125
1348 26
1348 18
1349 10
1350 4
1351 56
1352 27
1353 7
1354 25
1354 26
1355 50
1356 61
1357 17
1357 70
1357 16
1358 14
1358 5
1359 12
1360 14
1361 14
1361 5
1362 28
1363 26
1364 26
1365 14
1365 15
1365 16
1366 39
1367 16
1367 80
1367 27
1368 26
1369 26
1370 14
1371 95
1371 16
1371 30
1371 96
1372 10
1373 14
1373 1
1374 9
1374 125
1374 12
1374 22
1375 58
1376 58
1377 4
1378 1
1379 5
1380 26
1381 18
1382 35
1382 18
1383 56
1384 14
1385 52
1386 66
1386 36
1387 5
1387 1
1387 88
1388 2
1388 3
1389 14
1390 26
1391 51
1392 5
1392 69
1392 68
1393 14
1393 10
1393 76
1394 9
1394 12
1395 4
1396 14
1397 7
1398 51
1398 30
1399 4
1400 10
1401 7
1402 62
1402 16
1402 115
1402 96
1402 41
1403 3
1404 10
1405 56
1406 26
1407 18
1408 25
1408 26
1409 5
1410 4
1411 26
1412 18
1413 51
1413 30
1414 2
1414 3
1415 26
1416 4
1417 6
1418 90
1418 26
1419 7
1420 14
1420 9
1420 77
1420 16
1420 12
1420 13
1420 82
1421 5
1422 23
1423 36
1424 8
1424 36
1425 19
1426 4
1427 2
1427 26
1427 3
1428 137
1428 40
1428 16
1428 96
1429 4
1430 19
1431 7
1432 76
1433 39
1434 4
1435 2
1435 3
1436 17
1436 16
1436 18
1437 57
1438 62
1438 40
1438 16
1439 5
1439 9
1439 64
1439 3
1439 13
1440 73
1441 7
1442 4
1442 12
1443 6
1444 5
1444 28
1445 5
1445 88
1445 40
1446 26
1447 8
1447 36
1448 5
1448 10
1448 76
1449 50
1450 8
1450 66
1451 58
1451 39
1452 5
1452 9
1452 12
1452 13
1453 5
1454 57
1455 3
1456 76
1457 37
1458 4
1459 4
1460 4
1461 4
1462 40
1462 18
1463 6
1464 58
1464 85
1465 10
1465 35
1466 14
1466 15
1466 16
1466 26
1467 56
1468 2
1468 3
1469 14
1470 5
1470 23
1471 5
1471 9
1471 10
1471 12
1471 13
1472 5
1472 25
1473 14
1473 127
1474 3
1475 7
1476 26
1477 40
1477 16
1477 108
1477 18
1478 10
1478 35
1479 58
1480 35
1481 5
1481 9
1481 12
1481 22
1482 5
1483 76
1484 6
1485 39
1486 9
1486 37
1486 12
1486 21
1487 4
1488 1
1488 57
1489 28
1490 85
1490 86
1491 5
1491 23
1491 7
1492 63
1493 14
1493 44
1493 117
1494 88
1494 18
1495 4
1496 63
1497 63
1498 14
1499 5
1500 4
1501 49
1501 50
1502 5
1502 7
1503 10
1503 57
1504 10
1505 8
1505 36
1506 9
1506 2
1506 59
1506 12
1506 3
1507 9
1507 77
1507 16
1507 12
1507 47
1507 3
1507 82
1507 21
1508 46
1508 138
1508 16
1508 76
1508 54
1508 3
1509 5
1510 57
1511 9
1511 12
1511 36
1512 14
1513 26
1514 39
1515 39
1516 35
1517 18
1518 39
1519 18
1520 26
1521 35
1521 4
1522 73
1523 58
1524 5
1524 6
1524 7
1525 14
1526 39
1527 3
1528 5
1528 9
1528 64
1528 3
1528 13
1529 4
1530 85
1531 18
1532 39
1533 25
1533 26
1534 26
1535 40
1535 18
1536 50
1536 18
1537 26
1538 5
1538 76
1539 63
1540 26
1541 33
1542 5
1542 35
1543 5
1543 26
1544 32
1545 14
1546 14
1547 2
1547 3
1548 6
1549 8
1550 9
1550 12
1550 7
1551 8
1551 36
1552 25
1552 26
1553 18
1554 5
1555 4
1556 2
1556 3
1557 69
1557 8
1557 36
1558 9
1558 12
1559 28
1560 35
1561 26
1562 5
1563 26
1564 14
1564 61
1565 4
1566 2
1566 3
1567 2
1567 3
1568 2
1568 3
1569 4
1570 121
1570 23
1571 56
1572 14
1573 56
1574 2
1574 3
1575 14
1576 14
1577 8
1577 36
1578 4
1579 2
1579 3
1580 2
1580 3
1581 14
1581 40
1581 18
1582 4
1583 14
1583 9
1583 59
1583 12
1584 5
1585 58
1585 85
1585 86
1586 4
1587 56
1588 36
1589 5
1589 58
1590 58
1590 39
1591 35
1592 14
1592 30
1592 41
1593 8
1593 36
1594 4
1595 26
1596 26
1597 18
1598 3
1599 69
1599 76
1599 4
1600 35
1601 2
1601 3
1602 8
1603 105
1604 35
1604 16
1604 54
1605 9
1605 12
1605 23
1605 7
1606 53
1606 105
1606 52
1607 3
1608 14
1608 5
1608 46
1608 16
1609 3
1610 4
1611 25
1611 26
1612 10
1613 4
1614 7
1615 35
1615 4
1616 39
1617 4
1618 7
1619 8
1620 39
1621 56
1621 63
1622 92
1622 40
1622 16
1623 5
1623 57
1624 40
1625 5
1625 9
1625 12
1626 39
1627 4
1628 5
1629 1
1629 18
1630 36
1631 76
1632 3
1633 76
1634 9
1634 11
1634 4
1634 12
1635 4
1636 3
1637 36
1638 19
1638 58
1638 39
1639 26
1640 39
1641 14
1641 36
1642 4
1643 26
1644 50
1645 5
1645 9
1645 61
1645 12
1645 13
1646 23
1646 7
1647 9
1647 48
1647 12
1647 22
1648 4
1649 51
1649 30
1650 4
1651 39
1651 101
1652 39
1653 14
1654 1
1654 57
1655 16
1655 23
1655 113
1656 14
1656 1
1656 88
1657 14
1657 9
1657 64
1657 3
1657 13
1658 2
1658 3
1658 23
1659 85
1659 86
1660 4
1661 76
1662 14
1662 5
1662 46
1662 16
1663 17
1663 16
1663 18
1664 18
1665 39
1665 101
1665 23
1666 56
1667 5
1667 58
1668 14
1668 51
1669 6
1670 4
1671 19
1671 39
1671 36
1672 85
1672 86
1673 71
1673 26
1674 36
1675 118
1675 68
1676 18
1677 5
1677 9
1677 64
1677 3
1677 13
1678 26
1679 10
1679 35
1679 16
1679 54
1680 40
1681 9
1681 25
1681 12
1681 26
1681 21
1682 110
1682 10
1682 139
1683 51
1683 30
1684 4
1685 6
1686 103
1686 67
1687 4
1688 1
1689 6
1690 5
1690 9
1690 12
1691 5
1692 63
1693 36
1693 63
1694 39
1695 2
1695 3
1696 26
1697 3
1698 17
1698 88
1698 16
1699 5
1699 9
1699 61
1699 12
1699 13
1700 8
1700 36
1701 4
1702 2
1702 3
1703 35
1704 63
1705 10
1706 8
1706 36
1707 39
1707 83
1707 130
1708 10
1709 58
1709 83
1709 41
1710 5
1710 1
1710 75
1710 16
1710 140
1710 18
1710 96
1710 141
1711 10
1712 23
1713 5
1714 90
1714 26
1715 17
1715 1
1715 16
1715 18
1716 14
1716 5
1716 46
1716 16
1717 19
1718 1
1719 10
1720 5
1721 10
1721 18
1722 44
1722 45
1722 12
1722 26
1723 5
1724 5
1724 44
1724 45
1724 12
1725 10
1725 35
1726 9
1726 142
1726 4
1726 12
1727 4
1728 9
1728 12
1728 13
1729 4
1730 88
1730 62
1730 16
1731 58
1732 26
1733 63
1734 35
1734 2
1734 3
1735 26
1736 5
1736 9
1736 12
1736 22
1737 5
1738 85
1738 41
1739 23
1739 7
1740 39
1741 56
1742 8
1743 1
1743 57
1744 14
1744 9
1744 59
1744 12
1745 58
1745 39
1746 35
1746 8
1747 1
1748 9
1748 12
1748 7
1748 21
1749 39
1749 143
1749 81
1749 144
1750 85
1751 4
1752 35
1753 4
1754 14
1754 18
1755 4
1756 5
1756 10
1756 16
1756 54
1757 18
1758 50
1759 1
1760 23
1760 7
1761 5
1762 26
1763 19
1763 58
1763 39
1764 4
1765 6
1766 4
1767 14
1767 10
1767 76
1768 25
1768 26
1769 8
1769 36
1770 4
1771 3
1772 3
1773 1
1773 57
1774 4
1775 7
1776 28
1777 5
1777 10
1777 76
1778 39
1779 5
1779 9
1779 12
1780 39
1781 95
1781 16
1781 3
1781 116
1781 63
1782 14
1782 9
1782 59
1782 12
1783 4
1784 35
1784 18
1785 10
1785 35
1786 4
1787 5
1787 9
1787 61
1787 12
1787 13
1788 14
1788 9
1788 12
1789 5
1789 1
1790 63
1791 39
1792 4
1793 92
1793 40
1793 16
1794 1
1795 5
1795 1
1796 5
1797 5
1798 7
1798 36
1799 40
1800 70
1800 16
1800 98
1801 27
1802 40
1802 16
1802 108
1802 18
1803 3
1804 63
1805 18
1806 9
1806 10
1806 12
1807 76
1808 40
1808 18
1809 51
1809 30
1810 57
1811 16
1811 98
1811 68
1811 41
1812 18
1813 2
1813 3
1814 2
1814 3
1815 35
1816 4
1817 32
1817 123
1818 4
1819 2
1819 3
1820 14
1821 39
1822 26
1823 4
1824 25
1824 26
1825 14
1825 9
1825 12
1825 21
1826 3
1827 7
1828 8
1829 26
1829 18
1830 8
1831 92
1831 40
1831 16
1832 4
1832 12
1833 14
1834 40
1834 18
1835 2
1835 3
1836 10
1836 35
1837 14
1837 9
1837 12
1837 21
1838 4
1839 4
1840 4
1841 33
1841 34
1842 3
1843 18
1844 3
1845 40
1845 35
1845 18
1846 18
1847 2
1847 3
1848 2
1848 3
1849 4
1850 1
1851 26
1852 5
1853 14
1854 14
1855 23
1855 7
1856 5
1856 10
1857 3
1858 1
1858 18
1859 4
1860 40
1860 18
1861 62
1861 40
1861 87
1861 16
1862 32
1863 39
1864 25
1864 26
1865 2
1865 3
1866 39
1867 7
1868 4
1869 3
1870 16
1870 51
1871 40
1871 25
1872 18
1873 58
1873 23
1874 16
1874 4
1875 26
1876 17
1876 16
1876 18
1877 5
1877 1
1878 3
1879 57
1880 9
1880 2
1880 59
1880 12
1880 3
1881 10
1882 4
1883 5
1883 9
1883 10
1883 12
1883 13
1884 40
1884 16
1884 108
1884 18
1885 88
1885 94
1886 10
1887 8
1887 7
1887 36
1888 26
1889 28
1890 39
1891 16
1891 4
1891 113
1892 5
1893 8
1894 4
1895 35
1895 76
1896 18
1897 4
1898 30
1898 18
1899 1
1899 10
1899 18
1900 52
1901 26
1902 58
1903 88
1904 6
1904 46
1904 16
1905 39
1906 35
1906 4
1907 39
1908 4
1909 17
1909 16
1909 2
1909 3
1909 18
1910 5
1911 19
1912 5
1912 9
1912 12
1912 22
1913 56
1914 26
1915 51
1916 26
1917 5
1917 6
1917 106
1918 39
1919 92
1919 1
1919 40
1919 16
1920 14
1920 5
1920 9
1920 49
1920 12
1921 5
1922 25
1922 26
1923 4
1924 10
1924 35
1925 30
1926 36
1927 10
1928 17
1928 16
1928 18
1929 74
1929 75
1929 26
1930 5
1930 1
1931 14
1932 77
1932 16
1932 18
1932 41
1932 82
1933 2
1933 3
1934 2
1934 3
1935 9
1935 4
1935 64
1935 3
1935 13
1936 26
1937 37
1938 5
1938 35
1939 10
1939 35
1940 25
1940 26
1941 18
1942 4
1943 36
1944 74
1944 62
1944 75
1944 16
1944 50
1944 98
1944 109
1945 56
1946 35
1947 32
1948 4
1949 2
1949 3
1950 4
1951 7
1952 76
1953 1
1953 62
1953 16
1953 18
1954 5
1955 5
1955 1
1956 26
1957 26
1958 9
1958 2
1958 12
1958 3
1958 21
1959 14
1960 4
1961 5
1961 6
1961 40
1962 8
1962 66
1963 2
1963 3
1964 39
1965 4
1966 28
1967 4
1968 73
1969 26
1970 17
1970 40
1970 46
1970 16
1971 14
1972 17
1972 16
1972 18
1973 4
1974 6
1975 18
1976 28
1977 1
1978 26
1979 2
1979 3
1980 14
1981 4
1982 58
1982 39
1983 10
1984 145
1984 16
1984 54
1984 3
1984 18
1985 4
1986 5
1987 56
1988 5
1988 6
1988 106
1989 35
1990 5
1991 4
1992 69
1992 2
1992 26
1992 3
1993 58
1994 5
1994 23
1994 7
1995 58
1996 26
1997 110
1997 139
1998 19
1998 39
1998 69
1999 4
2000 10
2001 5
2002 18
2003 5
2003 23
2004 4
2005 25
2005 26
2006 18
2006 7
2007 4
2008 39
2009 25
2009 26
2010 5
2010 28
2011 8
2012 52
2013 25
2013 26
2014 5
2015 4
2016 5
2017 18
2018 2
2018 3
2019 9
2019 10
2019 76
2019 12
2020 5
2020 35
2021 26
2022 145
2022 46
2022 16
2022 3
2023 1
2024 40
2025 5
2026 5
2027 40
2027 18
2028 18
2029 56
2030 26
2031 4
2032 5
2033 70
2034 58
2034 39
2035 10
2036 26
2037 39
2038 6
2038 50
2039 57
2040 14
2040 9
2040 12
2040 22
2041 2
2041 3
2042 4
2043 4
2044 26
2045 14
2045 62
2045 16
2046 39
2047 58
2047 39
2048 5
2049 35
2050 25
2050 26
2051 10
2051 35
2051 16
2051 54
2052 4
2053 58
2053 39
2054 131
2055 2
2055 3
2056 35
2057 40
2058 25
2058 26
2059 30
2059 27
2060 4
2061 63
2062 19
2062 9
2062 12
2062 13
2063 51
2063 30
2064 10
2065 39
2066 39
2067 14
2067 100
2067 12
2068 49
2069 19
2069 39
2070 110
2070 14
2070 139
2071 28
2072 19
2073 5
2073 10
2073 18
2074 39
2075 4
2076 14
2077 69
2077 2
2077 3
2078 4
2079 39
2080 35
2081 35
2081 4
2082 51
2082 4
2083 51
2084 4
2085 18
2086 26
2087 2
2087 26
2087 3
2088 39
2089 57
2090 17
2090 40
2090 16
2091 5
2091 17
2091 16
2092 125
2093 4
2094 14
2095 4
2096 4
2097 17
2097 16
2097 18
2098 10
2098 35
2099 39
2100 5
2100 23
2100 7
2101 4
2102 8
2102 23
2102 36
2103 14
2103 9
2103 12
2104 2
2104 3
2105 5
2105 7
2106 5
2106 39
2107 14
2108 88
2108 62
2108 53
2108 16
2109 4
2109 23
2109 28
2110 6
2111 14
2112 4
2113 63
2114 8
2115 5
2115 1
2115 57
2116 1
2117 62
2117 16
2117 18
2118 4
2119 4
2120 39
2121 14
2121 9
2121 100
2121 59
2121 12
2122 85
2122 86
2123 35
2123 28
2124 4
2125 8
2125 66
2126 5
2126 35
2127 4
2128 88
2128 62
2128 87
2128 16
2129 4
2129 23
2129 83
2130 14
2130 58
2131 4
2132 1
2133 14
2134 14
2134 51
2134 30
2135 16
2135 54
2135 68
2136 26
2137 5
2137 9
2137 64
2137 3
2137 13
2138 14
2139 9
2139 4
2139 12
2140 9
2140 12
2140 13
2141 14
2142 4
2143 6
2144 2
2144 3
2145 55
2145 3
2146 122
2146 16
2146 4
2147 95
2147 16
2147 4
2147 96
2148 57
2149 23
2150 56
2151 14
2152 9
2152 12
2153 5
2154 5
2155 14
2156 19
2156 9
2156 59
2156 12
2157 1
2158 14
2159 8
2160 50
2160 66
2161 63
2162 19
2162 39
2163 40
2164 39
2165 4
2166 14
2166 9
2166 12
2166 21
2167 1
2167 18
2168 76
2169 3
2170 10
2171 39
2172 9
2172 64
2172 3
2172 13
2173 61
2174 40
2174 16
2174 108
2174 18
2175 2
2175 26
2175 3
2176 10
2177 19
2177 39
2177 69
2178 39
2179 14
2180 10
2181 14
2181 10
2182 14
2183 2
2183 3
2184 88
2184 62
2184 16
2185 26
2186 27
2187 40
2188 18
2189 17
2189 62
2189 16
2189 68
2190 40
2191 2
2191 3
2192 4
2193 10
2193 35
2194 2
2194 3
2195 73
2196 58
2197 26
2198 39
2199 18
2200 5
2200 75
2200 146
2200 29
2200 4
2201 9
2201 8
2201 12
2202 10
2202 35
2203 8
2203 66
2204 25
2204 26
2205 18
2206 39
2207 58
2207 85
2207 86
2208 1
2209 39
2210 3
2211 2
2211 3
2212 23
2213 1
2213 57
2214 8
2214 36
2215 26
2216 50
2217 8
2217 66
2218 23
2218 7
2219 35
2220 26
2221 147
2221 49
2222 2
2222 3
2223 3
2224 35
2225 28
2226 24
2227 25
2227 26
2228 66
2228 36
2228 63
2229 95
2229 16
2229 8
2229 96
2230 14
2231 18
2232 14
2232 77
2232 16
2232 82
2233 14
2234 39
2235 35
2236 9
2236 2
2236 12
2236 3
2236 21
2237 44
2237 9
2237 43
2237 45
2237 12
2237 22
2238 5
2238 9
2238 12
2239 4
2240 27
2241 18
2242 148
2243 4
2244 2
2244 26
2244 3
2245 56
2246 1
2247 4
2248 88
2248 37
2249 39
2250 3
2251 57
2252 2
2252 3
2253 2
2253 3
2253 23
2254 39
2255 4
2256 26
2257 56
2258 35
2258 18
2259 35
2259 4
2260 39
2261 4
2262 3
2263 77
2263 16
2263 82
2264 94
2265 2
2265 26
2265 3
2266 149
2266 150
2267 39
2268 10
2269 58
2270 58
2270 85
2271 18
2272 26
2273 69
2273 151
2273 68
2274 152
2274 3
2275 4
2276 63
2277 35
2277 16
2277 54
2278 6
2279 4
2280 18
2281 18
2282 19
2282 8
2282 36
2283 39
2284 39
2285 4
2286 14
2286 2
2286 3
2287 51
2287 30
2288 39
2289 5
2289 35
2290 4
2291 4
2292 26
2293 8
2294 4
2295 5
2295 89
2295 44
2296 4
2297 8
2298 5
2299 5
2299 9
2299 12
2299 13
2300 4
2300 12
2301 1
2301 18
2302 5
2303 6
2304 69
2304 23
2304 7
2305 26
2306 39
2306 16
2307 39
2308 4
2309 14
2309 30
2310 18
2311 63
2312 23
2313 70
2314 8
2315 40
2316 88
2316 4
2317 76
2318 2
2318 3
2319 4
2320 40
2320 18
2321 51
2321 30
2322 56
2323 18
2324 4
2325 27
2326 3
2326 126
2327 10
2327 35
2328 35
2328 4
2329 14
2329 15
2329 16
2330 3
2331 7
2332 5
2332 9
2332 12
2332 13
2333 4
2334 16
2334 98
2335 35
2336 4
2337 39
2338 51
2338 30
2339 17
2339 1
2339 40
2339 16
2340 2
2340 3
2341 40
2342 14
2342 9
2342 12
2342 13
2343 4
2344 14
2345 14
2345 9
2345 100
2345 59
2345 12
2346 35
2346 18
2347 1
2348 12
2348 18
2349 88
2350 56
2351 5
2352 14
2353 26
2354 74
2354 75
2354 2
2354 3
2355 7
2356 92
2356 40
2356 16
2357 58
2358 110
2358 5
2358 139
2359 19
2359 24
2360 39
2361 4
2362 40
2362 35
2362 18
2363 2
2363 3
2364 39
2365 32
2366 39
2367 4
2368 56
2369 14
2369 104
2370 40
2371 77
2371 16
2371 82
2372 56
2373 5
2373 9
2373 61
2373 12
2373 13
2374 26
2375 10
2375 35
2376 18
2377 25
2377 26
2378 10
2379 1
2380 14
2381 5
2381 74
2381 106
2381 75
2382 10
2383 35
2384 5
2384 18
2385 26
2386 70
2387 17
2387 70
2387 16
2388 4
2389 19
2389 57
2390 1
2391 5
2392 4
2393 10
2393 35
2394 51
2394 153
2394 30
2394 27
2395 39
2396 26
2397 4
2398 14
2399 3
2400 26
2401 40
2402 4
2403 23
2404 35
2404 28
2405 39
2406 14
2407 5
2407 9
2407 61
2407 12
2407 13
2408 35
2409 39
2410 51
2410 30
2411 26
2412 118
2413 4
2414 17
2414 16
2414 18
2415 4
2416 154
2417 5
2417 9
2417 64
2417 3
2417 13
2418 26
2419 56
2420 5
2421 8
2421 23
2422 39
2423 39
2424 26
2425 39
2426 70
2427 17
2427 16
2427 18
2428 10
2429 1
2429 57
2430 4
2431 5
2431 9
2431 4
2431 12
2432 18
2433 121
2434 5
2435 119
2436 2
2436 3
2437 51
2437 30
2437 27
2438 5
2439 5
2439 6
2440 76
2441 10
2442 39
2443 14
2443 95
2443 16
2443 3
2443 116
2444 4
2445 5
2446 3
2447 33
2448 10
2449 39
2450 4
2451 50
2452 85
2453 14
2453 9
2453 61
2453 12
2453 13
2454 3
2455 3
2456 35
2456 18
2457 26
2458 35
2459 17
2459 16
2459 18
2460 18
2461 51
2461 30
2462 56
2463 9
2463 12
2463 13
2464 4
2465 26
2466 39
2467 2
2467 3
2468 5
2468 9
2468 1
2468 12
2469 4
2470 4
2471 10
2471 35
2472 3
2473 17
2473 70
2473 16
2474 8
2474 66
2474 36
2475 14
2476 53
2476 46
2476 16
2476 52
2477 4
2478 35
2478 28
2479 66
2480 19
2480 58
2481 18
2482 58
2482 39
2483 35
2483 28
2484 4
2485 5
2485 10
2485 35
2486 26
2487 4
2488 58
2488 104
2489 5
2490 2
2490 26
2490 3
2491 9
2491 12
2491 7
2491 21
2492 40
2492 16
2492 108
2492 18
2493 50
2494 74
2494 62
2494 155
2494 16
2494 3
2494 18
2495 5
2496 10
2497 4
2498 39
2499 1
2499 88
2500 10
2500 76
2501 18
2502 39
2503 14
2503 1
2503 35
2504 35
2504 26
2505 5
2506 88
2507 1
2507 35
2507 18
2508 26
2509 63
2510 49
2511 3
2512 40
2513 9
2513 12
2514 26
2515 14
2516 85
2516 86
2517 1
2518 5
2518 10
2518 76
2519 39
2520 14
2521 12
2522 4
2523 39
2524 76
2525 26
2526 26
2527 17
2527 16
2527 93
2528 5
2529 156
2529 2
2529 3
2530 5
2531 5
2532 26
2533 26
2534 51
2535 39
2536 1
2537 25
2537 26
2538 56
2539 25
2539 26
2540 58
2540 104
2541 51
2541 30
2542 49
2543 4
2544 4
2545 4
2546 72
2546 157
2547 14
2548 88
2548 158
2548 62
2548 16
2548 96
2549 58
2549 39
2550 4
2550 23
2551 5
2551 39
2552 6
2552 7
2553 39
2554 67
2554 7
2555 4
2556 5
2556 61
2557 5
2558 4
2559 35
2559 18
2560 4
2561 3
2562 26
2563 25
2563 26
2564 14
2565 35
2566 2
2566 3
2567 26
2568 3
2569 14
2570 26
2571 3
2572 121
2573 92
2573 40
2573 16
2574 4
2575 19
2575 36
2576 4
2577 4
2578 14
2579 95
2579 16
2579 159
2579 3
2579 18
2579 96
2580 36
2581 57
2582 35
2583 25
2583 26
2584 4
2585 5
2585 35
2586 4
2587 58
2587 39
2588 40
2589 92
2589 40
2589 16
2590 76
2591 4
2592 39
2593 5
2593 1
2594 14
2595 4
2596 10
2597 63
2598 2
2598 3
2599 32
2600 39
2601 5
2601 121
2601 23
2602 63
2603 1
2604 10
2604 35
2605 5
2605 9
2605 61
2605 12
2605 13
2606 6
2607 5
2608 39
2609 4
2610 5
2610 35
2611 4
2612 14
2612 26
2613 1
2613 57
2614 8
2615 5
2616 1
2617 4
2618 40
2618 26
2619 14
2620 14
2621 14
2622 5
2623 26
2624 14
2624 10
2624 76
2625 10
2626 5
2626 16
2626 54
2627 4
2628 5
2629 8
2629 66
2630 6
2630 61
2631 18
2632 9
2632 12
2632 56
2633 23
2634 51
2634 2
2634 30
2634 3
2635 19
2636 6
2637 10
2637 35
2638 75
2638 132
2638 29
2638 3
2639 5
2639 1
2639 57
2640 2
2640 3
2641 5
2642 35
2643 10
2643 35
2644 2
2644 3
2645 35
2645 4
2646 122
2646 16
2646 26
2647 63
2648 51
2649 18
2650 14
2651 4
2652 10
2652 35
2653 4
2654 51
2655 26
2656 76
2657 3
2658 5
2659 7
2660 18
2661 19
2661 63
2662 4
2663 14
2663 44
2663 45
2663 12
2664 1
2665 16
2665 54
2665 26
2666 62
2666 16
2666 18
2667 35
2667 4
2668 4
2669 4
2670 7
2671 35
2671 26
2672 3
2673 4
2674 4
2675 3
2676 10
2677 39
2678 36
2679 46
2679 16
2679 26
2680 18
2681 26
2682 18
2683 51
2683 30
2684 8
2684 66
2685 61
2686 56
2687 3
2688 4
2689 25
2689 26
2690 5
2690 18
2691 5
2692 5
2693 39
2694 58
2694 24
2695 110
2695 44
2695 160
2695 161
2696 61
2697 92
2697 88
2697 16
2698 10
2699 51
2699 30
2699 27
2700 36
2701 26
2702 14
2702 6
2702 10
2703 28
2704 102
2704 75
2704 4
2704 3
2705 40
2705 18
2706 4
2707 7
2708 10
2709 40
2709 16
2709 108
2709 18
2710 121
2710 23
2711 7
2712 4
2713 26
2714 4
2715 10
2716 88
2717 1
2718 3
2719 26
2720 26
2721 5
2722 26
2723 4
2724 5
2724 9
2724 12
2724 13
2725 1
2726 14
2727 6
2727 8
2727 66
2728 8
2729 35
2729 18
2730 39
2730 63
2731 14
2731 52
2732 5
2732 9
2732 10
2732 12
2732 13
2733 69
2733 18
2733 68
2734 26
2735 5
2735 10
2735 7
2736 35
2737 19
2737 9
2737 12
2738 12
2739 10
2740 58
2740 85
2741 23
2742 6
2743 2
2743 3
2743 23
2744 10
2744 35
2745 5
2746 56
2747 4
2748 40
2749 75
2749 146
2749 29
2750 6
2751 25
2751 26
2752 92
2752 74
2752 40
2752 75
2752 16
2753 14
2753 74
2753 75
2754 2
2754 3
2755 26
2756 4
2757 40
2757 18
2758 5
2759 18
2760 23
2761 5
2761 9
2761 64
2761 3
2761 13
2762 5
2763 26
2764 6
2764 9
2764 12
2764 13
2765 4
2766 25
2766 26
2767 51
2767 30
2768 2
2768 3
2769 14
2770 4
2771 4
2772 39
2772 23
2773 26
2774 18
2775 19
2775 24
2776 14
2776 9
2776 12
2777 4
2778 39
2779 6
2780 1
2781 16
2781 2
2781 3
2781 96
2782 2
2782 3
2783 26
2784 26
2785 2
2785 3
2786 57
2787 7
2788 3
2789 7
2789 36
2790 9
2790 59
2790 4
2790 12
2791 26
2792 40
2792 35
2792 18
2793 26
2794 35
2795 5
2796 17
2796 16
2796 52
2797 58
2798 5
2798 58
2799 18
2799 63
2800 4
2801 40
2801 26
2802 5
2803 10
2803 35
2804 2
2804 3
2805 19
2806 5
2807 4
2808 58
2808 39
2809 27
2810 56
2811 26
2812 39
2812 66
2812 56
2813 26
2814 4
2815 4
2816 4
2817 51
2818 3
2819 58
2820 4
2821 51
2822 4
2823 51
2823 30
2824 26
2825 10
2826 5
2826 9
2826 64
2826 3
2826 13
2827 5
2828 2
2828 3
2829 88
2830 5
2831 40
2832 3
2833 5
2834 10
2834 35
2835 56
2836 2
2836 3
